"Date_YYYYMMDD","LOCAL_ID","LOCAL_NAME","SNODAS_SWE_UpstreamTotal_Volume_acft","Updated_Timestamp"
20030930,3263,BIJOU CR. NR WIGGINS CO,0.0,2017-06-02 12:10 America/Denver
20031001,3263,BIJOU CR. NR WIGGINS CO,0.0,2017-06-02 12:10 America/Denver
20031002,3263,BIJOU CR. NR WIGGINS CO,0.0,2017-06-02 12:10 America/Denver
20031003,3263,BIJOU CR. NR WIGGINS CO,0.0,2017-06-02 12:10 America/Denver
20031004,3263,BIJOU CR. NR WIGGINS CO,0.0,2017-06-02 12:10 America/Denver
20031005,3263,BIJOU CR. NR WIGGINS CO,0.0,2017-06-02 12:10 America/Denver
20031006,3263,BIJOU CR. NR WIGGINS CO,0.0,2017-06-02 12:10 America/Denver
20031007,3263,BIJOU CR. NR WIGGINS CO,0.0,2017-06-02 12:10 America/Denver
20031008,3263,BIJOU CR. NR WIGGINS CO,0.0,2017-06-02 12:10 America/Denver
20031009,3263,BIJOU CR. NR WIGGINS CO,0.0,2017-06-02 12:10 America/Denver
20031010,3263,BIJOU CR. NR WIGGINS CO,0.0,2017-06-02 12:10 America/Denver
20031011,3263,BIJOU CR. NR WIGGINS CO,0.0,2017-06-02 12:10 America/Denver
20031012,3263,BIJOU CR. NR WIGGINS CO,0.0,2017-06-02 12:10 America/Denver
20031013,3263,BIJOU CR. NR WIGGINS CO,0.0,2017-06-02 12:10 America/Denver
20031014,3263,BIJOU CR. NR WIGGINS CO,0.0,2017-06-02 12:10 America/Denver
20031015,3263,BIJOU CR. NR WIGGINS CO,0.0,2017-06-02 12:10 America/Denver
20031016,3263,BIJOU CR. NR WIGGINS CO,0.0,2017-06-02 12:10 America/Denver
20031017,3263,BIJOU CR. NR WIGGINS CO,0.0,2017-06-02 12:10 America/Denver
20031018,3263,BIJOU CR. NR WIGGINS CO,0.0,2017-06-02 12:10 America/Denver
20031019,3263,BIJOU CR. NR WIGGINS CO,0.0,2017-06-02 12:10 America/Denver
20031020,3263,BIJOU CR. NR WIGGINS CO,0.0,2017-06-02 12:10 America/Denver
20031021,3263,BIJOU CR. NR WIGGINS CO,0.0,2017-06-02 12:10 America/Denver
20031022,3263,BIJOU CR. NR WIGGINS CO,0.0,2017-06-02 12:10 America/Denver
20031023,3263,BIJOU CR. NR WIGGINS CO,0.0,2017-06-02 12:10 America/Denver
20031024,3263,BIJOU CR. NR WIGGINS CO,0.0,2017-06-02 12:10 America/Denver
20031025,3263,BIJOU CR. NR WIGGINS CO,0.0,2017-06-02 12:10 America/Denver
20031026,3263,BIJOU CR. NR WIGGINS CO,0.0,2017-06-02 12:10 America/Denver
20031027,3263,BIJOU CR. NR WIGGINS CO,0.0,2017-06-02 12:10 America/Denver
20031028,3263,BIJOU CR. NR WIGGINS CO,0.0,2017-06-02 12:10 America/Denver
20031029,3263,BIJOU CR. NR WIGGINS CO,0.0,2017-06-02 12:10 America/Denver
20031030,3263,BIJOU CR. NR WIGGINS CO,,2017-06-02 12:10 America/Denver
20031031,3263,BIJOU CR. NR WIGGINS CO,0.0,2017-06-02 12:10 America/Denver
20031101,3263,BIJOU CR. NR WIGGINS CO,0.0,2017-06-02 12:10 America/Denver
20031102,3263,BIJOU CR. NR WIGGINS CO,0.0,2017-06-02 12:10 America/Denver
20031103,3263,BIJOU CR. NR WIGGINS CO,22.0,2017-06-02 12:10 America/Denver
20031104,3263,BIJOU CR. NR WIGGINS CO,0.0,2017-06-02 12:10 America/Denver
20031105,3263,BIJOU CR. NR WIGGINS CO,0.0,2017-06-02 12:10 America/Denver
20031106,3263,BIJOU CR. NR WIGGINS CO,0.0,2017-06-02 12:10 America/Denver
20031107,3263,BIJOU CR. NR WIGGINS CO,0.0,2017-06-02 12:10 America/Denver
20031108,3263,BIJOU CR. NR WIGGINS CO,0.0,2017-06-02 12:10 America/Denver
20031109,3263,BIJOU CR. NR WIGGINS CO,0.0,2017-06-02 12:10 America/Denver
20031110,3263,BIJOU CR. NR WIGGINS CO,0.0,2017-06-02 12:10 America/Denver
20031111,3263,BIJOU CR. NR WIGGINS CO,0.0,2017-06-02 12:10 America/Denver
20031112,3263,BIJOU CR. NR WIGGINS CO,0.0,2017-06-02 12:10 America/Denver
20031113,3263,BIJOU CR. NR WIGGINS CO,0.0,2017-06-02 12:10 America/Denver
20031114,3263,BIJOU CR. NR WIGGINS CO,0.0,2017-06-02 12:10 America/Denver
20031115,3263,BIJOU CR. NR WIGGINS CO,0.0,2017-06-02 12:10 America/Denver
20031116,3263,BIJOU CR. NR WIGGINS CO,0.0,2017-06-02 12:10 America/Denver
20031117,3263,BIJOU CR. NR WIGGINS CO,0.0,2017-06-02 12:10 America/Denver
20031118,3263,BIJOU CR. NR WIGGINS CO,0.0,2017-06-02 12:10 America/Denver
20031119,3263,BIJOU CR. NR WIGGINS CO,0.0,2017-06-02 12:10 America/Denver
20031120,3263,BIJOU CR. NR WIGGINS CO,0.0,2017-06-02 12:10 America/Denver
20031121,3263,BIJOU CR. NR WIGGINS CO,0.0,2017-06-02 12:10 America/Denver
20031122,3263,BIJOU CR. NR WIGGINS CO,0.0,2017-06-02 12:10 America/Denver
20031123,3263,BIJOU CR. NR WIGGINS CO,6350.0,2017-06-02 12:10 America/Denver
20031124,3263,BIJOU CR. NR WIGGINS CO,5993.0,2017-06-02 12:10 America/Denver
20031125,3263,BIJOU CR. NR WIGGINS CO,2650.0,2017-06-02 12:10 America/Denver
20031126,3263,BIJOU CR. NR WIGGINS CO,944.0,2017-06-02 12:10 America/Denver
20031127,3263,BIJOU CR. NR WIGGINS CO,137.0,2017-06-02 12:10 America/Denver
20031128,3263,BIJOU CR. NR WIGGINS CO,0.0,2017-06-02 12:10 America/Denver
20031129,3263,BIJOU CR. NR WIGGINS CO,0.0,2017-06-02 12:10 America/Denver
20031130,3263,BIJOU CR. NR WIGGINS CO,0.0,2017-06-02 12:10 America/Denver
20031201,3263,BIJOU CR. NR WIGGINS CO,0.0,2017-06-02 12:10 America/Denver
20031202,3263,BIJOU CR. NR WIGGINS CO,0.0,2017-06-02 12:10 America/Denver
20031203,3263,BIJOU CR. NR WIGGINS CO,0.0,2017-06-02 12:10 America/Denver
20031204,3263,BIJOU CR. NR WIGGINS CO,0.0,2017-06-02 12:10 America/Denver
20031205,3263,BIJOU CR. NR WIGGINS CO,0.0,2017-06-02 12:10 America/Denver
20031206,3263,BIJOU CR. NR WIGGINS CO,0.0,2017-06-02 12:10 America/Denver
20031207,3263,BIJOU CR. NR WIGGINS CO,0.0,2017-06-02 12:10 America/Denver
20031208,3263,BIJOU CR. NR WIGGINS CO,0.0,2017-06-02 12:10 America/Denver
20031209,3263,BIJOU CR. NR WIGGINS CO,9961.0,2017-06-02 12:10 America/Denver
20031210,3263,BIJOU CR. NR WIGGINS CO,12885.0,2017-06-02 12:10 America/Denver
20031211,3263,BIJOU CR. NR WIGGINS CO,11572.0,2017-06-02 12:10 America/Denver
20031212,3263,BIJOU CR. NR WIGGINS CO,10666.0,2017-06-02 12:10 America/Denver
20031213,3263,BIJOU CR. NR WIGGINS CO,9928.0,2017-06-02 12:10 America/Denver
20031214,3263,BIJOU CR. NR WIGGINS CO,4713.0,2017-06-02 12:10 America/Denver
20031215,3263,BIJOU CR. NR WIGGINS CO,0.0,2017-06-02 12:10 America/Denver
20031216,3263,BIJOU CR. NR WIGGINS CO,3736.0,2017-06-02 12:10 America/Denver
20031217,3263,BIJOU CR. NR WIGGINS CO,1417.0,2017-06-02 12:10 America/Denver
20031218,3263,BIJOU CR. NR WIGGINS CO,0.0,2017-06-02 12:10 America/Denver
20031219,3263,BIJOU CR. NR WIGGINS CO,96.0,2017-06-02 12:10 America/Denver
20031220,3263,BIJOU CR. NR WIGGINS CO,0.0,2017-06-02 12:10 America/Denver
20031221,3263,BIJOU CR. NR WIGGINS CO,0.0,2017-06-02 12:10 America/Denver
20031222,3263,BIJOU CR. NR WIGGINS CO,0.0,2017-06-02 12:10 America/Denver
20031223,3263,BIJOU CR. NR WIGGINS CO,0.0,2017-06-02 12:10 America/Denver
20031224,3263,BIJOU CR. NR WIGGINS CO,0.0,2017-06-02 12:10 America/Denver
20031225,3263,BIJOU CR. NR WIGGINS CO,0.0,2017-06-02 12:10 America/Denver
20031226,3263,BIJOU CR. NR WIGGINS CO,0.0,2017-06-02 12:10 America/Denver
20031227,3263,BIJOU CR. NR WIGGINS CO,0.0,2017-06-02 12:10 America/Denver
20031228,3263,BIJOU CR. NR WIGGINS CO,0.0,2017-06-02 12:10 America/Denver
20031229,3263,BIJOU CR. NR WIGGINS CO,0.0,2017-06-02 12:10 America/Denver
20031230,3263,BIJOU CR. NR WIGGINS CO,0.0,2017-06-02 12:10 America/Denver
20031231,3263,BIJOU CR. NR WIGGINS CO,0.0,2017-06-02 12:10 America/Denver
20040101,3263,BIJOU CR. NR WIGGINS CO,0.0,2017-06-02 12:10 America/Denver
20040102,3263,BIJOU CR. NR WIGGINS CO,0.0,2017-06-02 12:10 America/Denver
20040103,3263,BIJOU CR. NR WIGGINS CO,0.0,2017-06-02 12:10 America/Denver
20040104,3263,BIJOU CR. NR WIGGINS CO,2753.0,2017-06-02 12:10 America/Denver
20040105,3263,BIJOU CR. NR WIGGINS CO,4258.0,2017-06-02 12:10 America/Denver
20040106,3263,BIJOU CR. NR WIGGINS CO,4305.0,2017-06-02 12:10 America/Denver
20040107,3263,BIJOU CR. NR WIGGINS CO,3088.0,2017-06-02 12:10 America/Denver
20040108,3263,BIJOU CR. NR WIGGINS CO,185.0,2017-06-02 12:10 America/Denver
20040109,3263,BIJOU CR. NR WIGGINS CO,0.0,2017-06-02 12:10 America/Denver
20040110,3263,BIJOU CR. NR WIGGINS CO,0.0,2017-06-02 12:10 America/Denver
20040111,3263,BIJOU CR. NR WIGGINS CO,0.0,2017-06-02 12:10 America/Denver
20040112,3263,BIJOU CR. NR WIGGINS CO,0.0,2017-06-02 12:10 America/Denver
20040113,3263,BIJOU CR. NR WIGGINS CO,0.0,2017-06-02 12:10 America/Denver
20040114,3263,BIJOU CR. NR WIGGINS CO,0.0,2017-06-02 12:10 America/Denver
20040115,3263,BIJOU CR. NR WIGGINS CO,0.0,2017-06-02 12:10 America/Denver
20040116,3263,BIJOU CR. NR WIGGINS CO,0.0,2017-06-02 12:10 America/Denver
20040117,3263,BIJOU CR. NR WIGGINS CO,0.0,2017-06-02 12:10 America/Denver
20040118,3263,BIJOU CR. NR WIGGINS CO,0.0,2017-06-02 12:10 America/Denver
20040119,3263,BIJOU CR. NR WIGGINS CO,0.0,2017-06-02 12:10 America/Denver
20040120,3263,BIJOU CR. NR WIGGINS CO,0.0,2017-06-02 12:10 America/Denver
20040121,3263,BIJOU CR. NR WIGGINS CO,3788.0,2017-06-02 12:10 America/Denver
20040122,3263,BIJOU CR. NR WIGGINS CO,2757.0,2017-06-02 12:10 America/Denver
20040123,3263,BIJOU CR. NR WIGGINS CO,978.0,2017-06-02 12:10 America/Denver
20040124,3263,BIJOU CR. NR WIGGINS CO,0.0,2017-06-02 12:10 America/Denver
20040125,3263,BIJOU CR. NR WIGGINS CO,0.0,2017-06-02 12:10 America/Denver
20040126,3263,BIJOU CR. NR WIGGINS CO,13198.0,2017-06-02 12:10 America/Denver
20040127,3263,BIJOU CR. NR WIGGINS CO,13917.0,2017-06-02 12:10 America/Denver
20040128,3263,BIJOU CR. NR WIGGINS CO,13041.0,2017-06-02 12:10 America/Denver
20040129,3263,BIJOU CR. NR WIGGINS CO,3713.0,2017-06-02 12:10 America/Denver
20040130,3263,BIJOU CR. NR WIGGINS CO,1389.0,2017-06-02 12:10 America/Denver
20040131,3263,BIJOU CR. NR WIGGINS CO,246.0,2017-06-02 12:10 America/Denver
20040201,3263,BIJOU CR. NR WIGGINS CO,1832.0,2017-06-02 12:10 America/Denver
20040202,3263,BIJOU CR. NR WIGGINS CO,3960.0,2017-06-02 12:10 America/Denver
20040203,3263,BIJOU CR. NR WIGGINS CO,3284.0,2017-06-02 12:10 America/Denver
20040204,3263,BIJOU CR. NR WIGGINS CO,3356.0,2017-06-02 12:10 America/Denver
20040205,3263,BIJOU CR. NR WIGGINS CO,22043.0,2017-06-02 12:10 America/Denver
20040206,3263,BIJOU CR. NR WIGGINS CO,31928.0,2017-06-02 12:10 America/Denver
20040207,3263,BIJOU CR. NR WIGGINS CO,31387.0,2017-06-02 12:10 America/Denver
20040208,3263,BIJOU CR. NR WIGGINS CO,28377.0,2017-06-02 12:10 America/Denver
20040209,3263,BIJOU CR. NR WIGGINS CO,26858.0,2017-06-02 12:10 America/Denver
20040210,3263,BIJOU CR. NR WIGGINS CO,25688.0,2017-06-02 12:10 America/Denver
20040211,3263,BIJOU CR. NR WIGGINS CO,23969.0,2017-06-02 12:10 America/Denver
20040212,3263,BIJOU CR. NR WIGGINS CO,25906.0,2017-06-02 12:10 America/Denver
20040213,3263,BIJOU CR. NR WIGGINS CO,25361.0,2017-06-02 12:10 America/Denver
20040214,3263,BIJOU CR. NR WIGGINS CO,23388.0,2017-06-02 12:10 America/Denver
20040215,3263,BIJOU CR. NR WIGGINS CO,20808.0,2017-06-02 12:10 America/Denver
20040216,3263,BIJOU CR. NR WIGGINS CO,11459.0,2017-06-02 12:10 America/Denver
20040217,3263,BIJOU CR. NR WIGGINS CO,6667.0,2017-06-02 12:10 America/Denver
20040218,3263,BIJOU CR. NR WIGGINS CO,156.0,2017-06-02 12:10 America/Denver
20040219,3263,BIJOU CR. NR WIGGINS CO,0.0,2017-06-02 12:10 America/Denver
20040220,3263,BIJOU CR. NR WIGGINS CO,3544.0,2017-06-02 12:10 America/Denver
20040221,3263,BIJOU CR. NR WIGGINS CO,1530.0,2017-06-02 12:10 America/Denver
20040222,3263,BIJOU CR. NR WIGGINS CO,0.0,2017-06-02 12:10 America/Denver
20040223,3263,BIJOU CR. NR WIGGINS CO,0.0,2017-06-02 12:10 America/Denver
20040224,3263,BIJOU CR. NR WIGGINS CO,0.0,2017-06-02 12:10 America/Denver
20040225,3263,BIJOU CR. NR WIGGINS CO,,2017-06-02 12:10 America/Denver
20040226,3263,BIJOU CR. NR WIGGINS CO,0.0,2017-06-02 12:10 America/Denver
20040227,3263,BIJOU CR. NR WIGGINS CO,0.0,2017-06-02 12:10 America/Denver
20040228,3263,BIJOU CR. NR WIGGINS CO,0.0,2017-06-02 12:10 America/Denver
20040229,3263,BIJOU CR. NR WIGGINS CO,0.0,2017-06-02 12:10 America/Denver
20040301,3263,BIJOU CR. NR WIGGINS CO,31884.0,2017-06-02 12:10 America/Denver
20040302,3263,BIJOU CR. NR WIGGINS CO,29073.0,2017-06-02 12:10 America/Denver
20040303,3263,BIJOU CR. NR WIGGINS CO,21566.0,2017-06-02 12:10 America/Denver
20040304,3263,BIJOU CR. NR WIGGINS CO,10522.0,2017-06-02 12:10 America/Denver
20040305,3263,BIJOU CR. NR WIGGINS CO,5723.0,2017-06-02 12:10 America/Denver
20040306,3263,BIJOU CR. NR WIGGINS CO,7768.0,2017-06-02 12:10 America/Denver
20040307,3263,BIJOU CR. NR WIGGINS CO,0.0,2017-06-02 12:10 America/Denver
20040308,3263,BIJOU CR. NR WIGGINS CO,0.0,2017-06-02 12:10 America/Denver
20040309,3263,BIJOU CR. NR WIGGINS CO,0.0,2017-06-02 12:10 America/Denver
20040310,3263,BIJOU CR. NR WIGGINS CO,0.0,2017-06-02 12:10 America/Denver
20040311,3263,BIJOU CR. NR WIGGINS CO,0.0,2017-06-02 12:10 America/Denver
20040312,3263,BIJOU CR. NR WIGGINS CO,0.0,2017-06-02 12:10 America/Denver
20040313,3263,BIJOU CR. NR WIGGINS CO,0.0,2017-06-02 12:10 America/Denver
20040314,3263,BIJOU CR. NR WIGGINS CO,0.0,2017-06-02 12:10 America/Denver
20040315,3263,BIJOU CR. NR WIGGINS CO,0.0,2017-06-02 12:10 America/Denver
20040316,3263,BIJOU CR. NR WIGGINS CO,0.0,2017-06-02 12:10 America/Denver
20040317,3263,BIJOU CR. NR WIGGINS CO,0.0,2017-06-02 12:10 America/Denver
20040318,3263,BIJOU CR. NR WIGGINS CO,0.0,2017-06-02 12:10 America/Denver
20040319,3263,BIJOU CR. NR WIGGINS CO,0.0,2017-06-02 12:10 America/Denver
20040320,3263,BIJOU CR. NR WIGGINS CO,0.0,2017-06-02 12:10 America/Denver
20040321,3263,BIJOU CR. NR WIGGINS CO,0.0,2017-06-02 12:10 America/Denver
20040322,3263,BIJOU CR. NR WIGGINS CO,0.0,2017-06-02 12:10 America/Denver
20040323,3263,BIJOU CR. NR WIGGINS CO,0.0,2017-06-02 12:10 America/Denver
20040324,3263,BIJOU CR. NR WIGGINS CO,0.0,2017-06-02 12:10 America/Denver
20040325,3263,BIJOU CR. NR WIGGINS CO,0.0,2017-06-02 12:10 America/Denver
20040326,3263,BIJOU CR. NR WIGGINS CO,0.0,2017-06-02 12:10 America/Denver
20040327,3263,BIJOU CR. NR WIGGINS CO,0.0,2017-06-02 12:10 America/Denver
20040328,3263,BIJOU CR. NR WIGGINS CO,51.0,2017-06-02 12:10 America/Denver
20040329,3263,BIJOU CR. NR WIGGINS CO,0.0,2017-06-02 12:10 America/Denver
20040330,3263,BIJOU CR. NR WIGGINS CO,0.0,2017-06-02 12:10 America/Denver
20040331,3263,BIJOU CR. NR WIGGINS CO,0.0,2017-06-02 12:10 America/Denver
20040401,3263,BIJOU CR. NR WIGGINS CO,0.0,2017-06-02 12:10 America/Denver
20040402,3263,BIJOU CR. NR WIGGINS CO,0.0,2017-06-02 12:10 America/Denver
20040403,3263,BIJOU CR. NR WIGGINS CO,0.0,2017-06-02 12:10 America/Denver
20040404,3263,BIJOU CR. NR WIGGINS CO,0.0,2017-06-02 12:10 America/Denver
20040405,3263,BIJOU CR. NR WIGGINS CO,0.0,2017-06-02 12:10 America/Denver
20040406,3263,BIJOU CR. NR WIGGINS CO,0.0,2017-06-02 12:10 America/Denver
20040407,3263,BIJOU CR. NR WIGGINS CO,0.0,2017-06-02 12:10 America/Denver
20040408,3263,BIJOU CR. NR WIGGINS CO,0.0,2017-06-02 12:10 America/Denver
20040409,3263,BIJOU CR. NR WIGGINS CO,0.0,2017-06-02 12:10 America/Denver
20040410,3263,BIJOU CR. NR WIGGINS CO,7776.0,2017-06-02 12:10 America/Denver
20040411,3263,BIJOU CR. NR WIGGINS CO,16167.0,2017-06-02 12:10 America/Denver
20040412,3263,BIJOU CR. NR WIGGINS CO,5853.0,2017-06-02 12:10 America/Denver
20040413,3263,BIJOU CR. NR WIGGINS CO,5534.0,2017-06-02 12:10 America/Denver
20040414,3263,BIJOU CR. NR WIGGINS CO,0.0,2017-06-02 12:10 America/Denver
20040415,3263,BIJOU CR. NR WIGGINS CO,0.0,2017-06-02 12:10 America/Denver
20040416,3263,BIJOU CR. NR WIGGINS CO,0.0,2017-06-02 12:10 America/Denver
20040417,3263,BIJOU CR. NR WIGGINS CO,0.0,2017-06-02 12:10 America/Denver
20040418,3263,BIJOU CR. NR WIGGINS CO,0.0,2017-06-02 12:10 America/Denver
20040419,3263,BIJOU CR. NR WIGGINS CO,0.0,2017-06-02 12:10 America/Denver
20040420,3263,BIJOU CR. NR WIGGINS CO,0.0,2017-06-02 12:10 America/Denver
20040421,3263,BIJOU CR. NR WIGGINS CO,0.0,2017-06-02 12:10 America/Denver
20040422,3263,BIJOU CR. NR WIGGINS CO,0.0,2017-06-02 12:10 America/Denver
20040423,3263,BIJOU CR. NR WIGGINS CO,3070.0,2017-06-02 12:10 America/Denver
20040424,3263,BIJOU CR. NR WIGGINS CO,14210.0,2017-06-02 12:10 America/Denver
20040425,3263,BIJOU CR. NR WIGGINS CO,1904.0,2017-06-02 12:10 America/Denver
20040426,3263,BIJOU CR. NR WIGGINS CO,879.0,2017-06-02 12:10 America/Denver
20040427,3263,BIJOU CR. NR WIGGINS CO,37.0,2017-06-02 12:10 America/Denver
20040428,3263,BIJOU CR. NR WIGGINS CO,0.0,2017-06-02 12:10 America/Denver
20040429,3263,BIJOU CR. NR WIGGINS CO,0.0,2017-06-02 12:10 America/Denver
20040430,3263,BIJOU CR. NR WIGGINS CO,0.0,2017-06-02 12:10 America/Denver
20040501,3263,BIJOU CR. NR WIGGINS CO,7550.0,2017-06-02 12:10 America/Denver
20040502,3263,BIJOU CR. NR WIGGINS CO,0.0,2017-06-02 12:10 America/Denver
20040503,3263,BIJOU CR. NR WIGGINS CO,0.0,2017-06-02 12:10 America/Denver
20040504,3263,BIJOU CR. NR WIGGINS CO,0.0,2017-06-02 12:10 America/Denver
20040505,3263,BIJOU CR. NR WIGGINS CO,0.0,2017-06-02 12:10 America/Denver
20040506,3263,BIJOU CR. NR WIGGINS CO,0.0,2017-06-02 12:10 America/Denver
20040507,3263,BIJOU CR. NR WIGGINS CO,0.0,2017-06-02 12:10 America/Denver
20040508,3263,BIJOU CR. NR WIGGINS CO,0.0,2017-06-02 12:10 America/Denver
20040509,3263,BIJOU CR. NR WIGGINS CO,0.0,2017-06-02 12:10 America/Denver
20040510,3263,BIJOU CR. NR WIGGINS CO,0.0,2017-06-02 12:10 America/Denver
20040511,3263,BIJOU CR. NR WIGGINS CO,0.0,2017-06-02 12:10 America/Denver
20040512,3263,BIJOU CR. NR WIGGINS CO,0.0,2017-06-02 12:10 America/Denver
20040513,3263,BIJOU CR. NR WIGGINS CO,2937.0,2017-06-02 12:10 America/Denver
20040514,3263,BIJOU CR. NR WIGGINS CO,839.0,2017-06-02 12:10 America/Denver
20040515,3263,BIJOU CR. NR WIGGINS CO,0.0,2017-06-02 12:10 America/Denver
20040516,3263,BIJOU CR. NR WIGGINS CO,0.0,2017-06-02 12:10 America/Denver
20040517,3263,BIJOU CR. NR WIGGINS CO,0.0,2017-06-02 12:10 America/Denver
20040518,3263,BIJOU CR. NR WIGGINS CO,0.0,2017-06-02 12:10 America/Denver
20040519,3263,BIJOU CR. NR WIGGINS CO,0.0,2017-06-02 12:10 America/Denver
20040520,3263,BIJOU CR. NR WIGGINS CO,0.0,2017-06-02 12:10 America/Denver
20040521,3263,BIJOU CR. NR WIGGINS CO,0.0,2017-06-02 12:10 America/Denver
20040522,3263,BIJOU CR. NR WIGGINS CO,0.0,2017-06-02 12:10 America/Denver
20040523,3263,BIJOU CR. NR WIGGINS CO,0.0,2017-06-02 12:10 America/Denver
20040524,3263,BIJOU CR. NR WIGGINS CO,0.0,2017-06-02 12:10 America/Denver
20040525,3263,BIJOU CR. NR WIGGINS CO,0.0,2017-06-02 12:10 America/Denver
20040526,3263,BIJOU CR. NR WIGGINS CO,0.0,2017-06-02 12:10 America/Denver
20040527,3263,BIJOU CR. NR WIGGINS CO,0.0,2017-06-02 12:10 America/Denver
20040528,3263,BIJOU CR. NR WIGGINS CO,0.0,2017-06-02 12:10 America/Denver
20040529,3263,BIJOU CR. NR WIGGINS CO,0.0,2017-06-02 12:10 America/Denver
20040530,3263,BIJOU CR. NR WIGGINS CO,0.0,2017-06-02 12:10 America/Denver
20040531,3263,BIJOU CR. NR WIGGINS CO,0.0,2017-06-02 12:10 America/Denver
20040601,3263,BIJOU CR. NR WIGGINS CO,0.0,2017-06-02 12:10 America/Denver
20040602,3263,BIJOU CR. NR WIGGINS CO,0.0,2017-06-02 12:10 America/Denver
20040603,3263,BIJOU CR. NR WIGGINS CO,0.0,2017-06-02 12:10 America/Denver
20040604,3263,BIJOU CR. NR WIGGINS CO,0.0,2017-06-02 12:10 America/Denver
20040605,3263,BIJOU CR. NR WIGGINS CO,0.0,2017-06-02 12:10 America/Denver
20040606,3263,BIJOU CR. NR WIGGINS CO,0.0,2017-06-02 12:10 America/Denver
20040607,3263,BIJOU CR. NR WIGGINS CO,0.0,2017-06-02 12:10 America/Denver
20040608,3263,BIJOU CR. NR WIGGINS CO,0.0,2017-06-02 12:10 America/Denver
20040609,3263,BIJOU CR. NR WIGGINS CO,0.0,2017-06-02 12:10 America/Denver
20040610,3263,BIJOU CR. NR WIGGINS CO,0.0,2017-06-02 12:10 America/Denver
20040611,3263,BIJOU CR. NR WIGGINS CO,0.0,2017-06-02 12:10 America/Denver
20040612,3263,BIJOU CR. NR WIGGINS CO,0.0,2017-06-02 12:10 America/Denver
20040613,3263,BIJOU CR. NR WIGGINS CO,0.0,2017-06-02 12:10 America/Denver
20040614,3263,BIJOU CR. NR WIGGINS CO,0.0,2017-06-02 12:10 America/Denver
20040615,3263,BIJOU CR. NR WIGGINS CO,0.0,2017-06-02 12:10 America/Denver
20040616,3263,BIJOU CR. NR WIGGINS CO,0.0,2017-06-02 12:10 America/Denver
20040617,3263,BIJOU CR. NR WIGGINS CO,0.0,2017-06-02 12:10 America/Denver
20040618,3263,BIJOU CR. NR WIGGINS CO,0.0,2017-06-02 12:10 America/Denver
20040619,3263,BIJOU CR. NR WIGGINS CO,0.0,2017-06-02 12:10 America/Denver
20040620,3263,BIJOU CR. NR WIGGINS CO,0.0,2017-06-02 12:10 America/Denver
20040621,3263,BIJOU CR. NR WIGGINS CO,0.0,2017-06-02 12:10 America/Denver
20040622,3263,BIJOU CR. NR WIGGINS CO,0.0,2017-06-02 12:10 America/Denver
20040623,3263,BIJOU CR. NR WIGGINS CO,0.0,2017-06-02 12:10 America/Denver
20040624,3263,BIJOU CR. NR WIGGINS CO,0.0,2017-06-02 12:10 America/Denver
20040625,3263,BIJOU CR. NR WIGGINS CO,0.0,2017-06-02 12:10 America/Denver
20040626,3263,BIJOU CR. NR WIGGINS CO,0.0,2017-06-02 12:10 America/Denver
20040627,3263,BIJOU CR. NR WIGGINS CO,0.0,2017-06-02 12:10 America/Denver
20040628,3263,BIJOU CR. NR WIGGINS CO,0.0,2017-06-02 12:10 America/Denver
20040629,3263,BIJOU CR. NR WIGGINS CO,0.0,2017-06-02 12:10 America/Denver
20040630,3263,BIJOU CR. NR WIGGINS CO,0.0,2017-06-02 12:10 America/Denver
20040701,3263,BIJOU CR. NR WIGGINS CO,0.0,2017-06-02 12:10 America/Denver
20040702,3263,BIJOU CR. NR WIGGINS CO,0.0,2017-06-02 12:10 America/Denver
20040703,3263,BIJOU CR. NR WIGGINS CO,0.0,2017-06-02 12:10 America/Denver
20040704,3263,BIJOU CR. NR WIGGINS CO,0.0,2017-06-02 12:10 America/Denver
20040705,3263,BIJOU CR. NR WIGGINS CO,0.0,2017-06-02 12:10 America/Denver
20040706,3263,BIJOU CR. NR WIGGINS CO,0.0,2017-06-02 12:10 America/Denver
20040707,3263,BIJOU CR. NR WIGGINS CO,0.0,2017-06-02 12:10 America/Denver
20040708,3263,BIJOU CR. NR WIGGINS CO,0.0,2017-06-02 12:10 America/Denver
20040709,3263,BIJOU CR. NR WIGGINS CO,0.0,2017-06-02 12:10 America/Denver
20040710,3263,BIJOU CR. NR WIGGINS CO,0.0,2017-06-02 12:10 America/Denver
20040711,3263,BIJOU CR. NR WIGGINS CO,0.0,2017-06-02 12:10 America/Denver
20040712,3263,BIJOU CR. NR WIGGINS CO,0.0,2017-06-02 12:10 America/Denver
20040713,3263,BIJOU CR. NR WIGGINS CO,0.0,2017-06-02 12:10 America/Denver
20040714,3263,BIJOU CR. NR WIGGINS CO,0.0,2017-06-02 12:10 America/Denver
20040715,3263,BIJOU CR. NR WIGGINS CO,0.0,2017-06-02 12:10 America/Denver
20040716,3263,BIJOU CR. NR WIGGINS CO,0.0,2017-06-02 12:10 America/Denver
20040717,3263,BIJOU CR. NR WIGGINS CO,0.0,2017-06-02 12:10 America/Denver
20040718,3263,BIJOU CR. NR WIGGINS CO,0.0,2017-06-02 12:10 America/Denver
20040719,3263,BIJOU CR. NR WIGGINS CO,0.0,2017-06-02 12:10 America/Denver
20040720,3263,BIJOU CR. NR WIGGINS CO,0.0,2017-06-02 12:10 America/Denver
20040721,3263,BIJOU CR. NR WIGGINS CO,0.0,2017-06-02 12:10 America/Denver
20040722,3263,BIJOU CR. NR WIGGINS CO,0.0,2017-06-02 12:10 America/Denver
20040723,3263,BIJOU CR. NR WIGGINS CO,0.0,2017-06-02 12:10 America/Denver
20040724,3263,BIJOU CR. NR WIGGINS CO,0.0,2017-06-02 12:10 America/Denver
20040725,3263,BIJOU CR. NR WIGGINS CO,0.0,2017-06-02 12:10 America/Denver
20040726,3263,BIJOU CR. NR WIGGINS CO,0.0,2017-06-02 12:10 America/Denver
20040727,3263,BIJOU CR. NR WIGGINS CO,0.0,2017-06-02 12:10 America/Denver
20040728,3263,BIJOU CR. NR WIGGINS CO,0.0,2017-06-02 12:10 America/Denver
20040729,3263,BIJOU CR. NR WIGGINS CO,0.0,2017-06-02 12:10 America/Denver
20040730,3263,BIJOU CR. NR WIGGINS CO,0.0,2017-06-02 12:10 America/Denver
20040731,3263,BIJOU CR. NR WIGGINS CO,0.0,2017-06-02 12:10 America/Denver
20040801,3263,BIJOU CR. NR WIGGINS CO,0.0,2017-06-02 12:10 America/Denver
20040802,3263,BIJOU CR. NR WIGGINS CO,0.0,2017-06-02 12:10 America/Denver
20040803,3263,BIJOU CR. NR WIGGINS CO,0.0,2017-06-02 12:10 America/Denver
20040804,3263,BIJOU CR. NR WIGGINS CO,0.0,2017-06-02 12:10 America/Denver
20040805,3263,BIJOU CR. NR WIGGINS CO,0.0,2017-06-02 12:10 America/Denver
20040806,3263,BIJOU CR. NR WIGGINS CO,0.0,2017-06-02 12:10 America/Denver
20040807,3263,BIJOU CR. NR WIGGINS CO,0.0,2017-06-02 12:10 America/Denver
20040808,3263,BIJOU CR. NR WIGGINS CO,0.0,2017-06-02 12:10 America/Denver
20040809,3263,BIJOU CR. NR WIGGINS CO,0.0,2017-06-02 12:10 America/Denver
20040810,3263,BIJOU CR. NR WIGGINS CO,0.0,2017-06-02 12:10 America/Denver
20040811,3263,BIJOU CR. NR WIGGINS CO,0.0,2017-06-02 12:10 America/Denver
20040812,3263,BIJOU CR. NR WIGGINS CO,0.0,2017-06-02 12:10 America/Denver
20040813,3263,BIJOU CR. NR WIGGINS CO,0.0,2017-06-02 12:10 America/Denver
20040814,3263,BIJOU CR. NR WIGGINS CO,0.0,2017-06-02 12:10 America/Denver
20040815,3263,BIJOU CR. NR WIGGINS CO,0.0,2017-06-02 12:10 America/Denver
20040816,3263,BIJOU CR. NR WIGGINS CO,0.0,2017-06-02 12:10 America/Denver
20040817,3263,BIJOU CR. NR WIGGINS CO,0.0,2017-06-02 12:10 America/Denver
20040818,3263,BIJOU CR. NR WIGGINS CO,0.0,2017-06-02 12:10 America/Denver
20040819,3263,BIJOU CR. NR WIGGINS CO,0.0,2017-06-02 12:10 America/Denver
20040820,3263,BIJOU CR. NR WIGGINS CO,0.0,2017-06-02 12:10 America/Denver
20040821,3263,BIJOU CR. NR WIGGINS CO,0.0,2017-06-02 12:10 America/Denver
20040822,3263,BIJOU CR. NR WIGGINS CO,0.0,2017-06-02 12:10 America/Denver
20040823,3263,BIJOU CR. NR WIGGINS CO,0.0,2017-06-02 12:10 America/Denver
20040824,3263,BIJOU CR. NR WIGGINS CO,0.0,2017-06-02 12:10 America/Denver
20040825,3263,BIJOU CR. NR WIGGINS CO,0.0,2017-06-02 12:10 America/Denver
20040826,3263,BIJOU CR. NR WIGGINS CO,0.0,2017-06-02 12:10 America/Denver
20040827,3263,BIJOU CR. NR WIGGINS CO,0.0,2017-06-02 12:10 America/Denver
20040828,3263,BIJOU CR. NR WIGGINS CO,0.0,2017-06-02 12:10 America/Denver
20040829,3263,BIJOU CR. NR WIGGINS CO,0.0,2017-06-02 12:10 America/Denver
20040830,3263,BIJOU CR. NR WIGGINS CO,0.0,2017-06-02 12:10 America/Denver
20040831,3263,BIJOU CR. NR WIGGINS CO,,2017-06-02 12:10 America/Denver
20040901,3263,BIJOU CR. NR WIGGINS CO,0.0,2017-06-02 12:10 America/Denver
20040902,3263,BIJOU CR. NR WIGGINS CO,0.0,2017-06-02 12:10 America/Denver
20040903,3263,BIJOU CR. NR WIGGINS CO,0.0,2017-06-02 12:10 America/Denver
20040904,3263,BIJOU CR. NR WIGGINS CO,0.0,2017-06-02 12:10 America/Denver
20040905,3263,BIJOU CR. NR WIGGINS CO,0.0,2017-06-02 12:10 America/Denver
20040906,3263,BIJOU CR. NR WIGGINS CO,0.0,2017-06-02 12:10 America/Denver
20040907,3263,BIJOU CR. NR WIGGINS CO,0.0,2017-06-02 12:10 America/Denver
20040908,3263,BIJOU CR. NR WIGGINS CO,0.0,2017-06-02 12:10 America/Denver
20040909,3263,BIJOU CR. NR WIGGINS CO,0.0,2017-06-02 12:10 America/Denver
20040910,3263,BIJOU CR. NR WIGGINS CO,0.0,2017-06-02 12:10 America/Denver
20040911,3263,BIJOU CR. NR WIGGINS CO,0.0,2017-06-02 12:10 America/Denver
20040912,3263,BIJOU CR. NR WIGGINS CO,0.0,2017-06-02 12:10 America/Denver
20040913,3263,BIJOU CR. NR WIGGINS CO,0.0,2017-06-02 12:10 America/Denver
20040914,3263,BIJOU CR. NR WIGGINS CO,0.0,2017-06-02 12:10 America/Denver
20040915,3263,BIJOU CR. NR WIGGINS CO,0.0,2017-06-02 12:10 America/Denver
20040916,3263,BIJOU CR. NR WIGGINS CO,0.0,2017-06-02 12:10 America/Denver
20040917,3263,BIJOU CR. NR WIGGINS CO,0.0,2017-06-02 12:10 America/Denver
20040918,3263,BIJOU CR. NR WIGGINS CO,0.0,2017-06-02 12:10 America/Denver
20040919,3263,BIJOU CR. NR WIGGINS CO,0.0,2017-06-02 12:10 America/Denver
20040920,3263,BIJOU CR. NR WIGGINS CO,0.0,2017-06-02 12:10 America/Denver
20040921,3263,BIJOU CR. NR WIGGINS CO,0.0,2017-06-02 12:10 America/Denver
20040922,3263,BIJOU CR. NR WIGGINS CO,0.0,2017-06-02 12:10 America/Denver
20040923,3263,BIJOU CR. NR WIGGINS CO,0.0,2017-06-02 12:10 America/Denver
20040924,3263,BIJOU CR. NR WIGGINS CO,0.0,2017-06-02 12:10 America/Denver
20040925,3263,BIJOU CR. NR WIGGINS CO,0.0,2017-06-02 12:10 America/Denver
20040926,3263,BIJOU CR. NR WIGGINS CO,0.0,2017-06-02 12:10 America/Denver
20040927,3263,BIJOU CR. NR WIGGINS CO,,2017-06-02 12:10 America/Denver
20040928,3263,BIJOU CR. NR WIGGINS CO,0.0,2017-06-02 12:10 America/Denver
20040929,3263,BIJOU CR. NR WIGGINS CO,0.0,2017-06-02 12:10 America/Denver
20040930,3263,BIJOU CR. NR WIGGINS CO,0.0,2017-06-02 12:10 America/Denver
20041001,3263,BIJOU CR. NR WIGGINS CO,0.0,2017-06-02 12:10 America/Denver
20041002,3263,BIJOU CR. NR WIGGINS CO,0.0,2017-06-02 12:10 America/Denver
20041003,3263,BIJOU CR. NR WIGGINS CO,0.0,2017-06-02 12:10 America/Denver
20041004,3263,BIJOU CR. NR WIGGINS CO,0.0,2017-06-02 12:10 America/Denver
20041005,3263,BIJOU CR. NR WIGGINS CO,0.0,2017-06-02 12:10 America/Denver
20041006,3263,BIJOU CR. NR WIGGINS CO,0.0,2017-06-02 12:10 America/Denver
20041007,3263,BIJOU CR. NR WIGGINS CO,0.0,2017-06-02 12:10 America/Denver
20041008,3263,BIJOU CR. NR WIGGINS CO,0.0,2017-06-02 12:10 America/Denver
20041009,3263,BIJOU CR. NR WIGGINS CO,0.0,2017-06-02 12:10 America/Denver
20041010,3263,BIJOU CR. NR WIGGINS CO,0.0,2017-06-02 12:10 America/Denver
20041011,3263,BIJOU CR. NR WIGGINS CO,0.0,2017-06-02 12:10 America/Denver
20041012,3263,BIJOU CR. NR WIGGINS CO,0.0,2017-06-02 12:10 America/Denver
20041013,3263,BIJOU CR. NR WIGGINS CO,0.0,2017-06-02 12:10 America/Denver
20041014,3263,BIJOU CR. NR WIGGINS CO,0.0,2017-06-02 12:10 America/Denver
20041015,3263,BIJOU CR. NR WIGGINS CO,0.0,2017-06-02 12:10 America/Denver
20041016,3263,BIJOU CR. NR WIGGINS CO,0.0,2017-06-02 12:10 America/Denver
20041017,3263,BIJOU CR. NR WIGGINS CO,0.0,2017-06-02 12:10 America/Denver
20041018,3263,BIJOU CR. NR WIGGINS CO,0.0,2017-06-02 12:10 America/Denver
20041019,3263,BIJOU CR. NR WIGGINS CO,0.0,2017-06-02 12:10 America/Denver
20041020,3263,BIJOU CR. NR WIGGINS CO,0.0,2017-06-02 12:10 America/Denver
20041021,3263,BIJOU CR. NR WIGGINS CO,0.0,2017-06-02 12:10 America/Denver
20041022,3263,BIJOU CR. NR WIGGINS CO,0.0,2017-06-02 12:10 America/Denver
20041023,3263,BIJOU CR. NR WIGGINS CO,0.0,2017-06-02 12:10 America/Denver
20041024,3263,BIJOU CR. NR WIGGINS CO,0.0,2017-06-02 12:10 America/Denver
20041025,3263,BIJOU CR. NR WIGGINS CO,0.0,2017-06-02 12:10 America/Denver
20041026,3263,BIJOU CR. NR WIGGINS CO,0.0,2017-06-02 12:10 America/Denver
20041027,3263,BIJOU CR. NR WIGGINS CO,0.0,2017-06-02 12:10 America/Denver
20041028,3263,BIJOU CR. NR WIGGINS CO,0.0,2017-06-02 12:10 America/Denver
20041029,3263,BIJOU CR. NR WIGGINS CO,0.0,2017-06-02 12:10 America/Denver
20041030,3263,BIJOU CR. NR WIGGINS CO,0.0,2017-06-02 12:10 America/Denver
20041031,3263,BIJOU CR. NR WIGGINS CO,0.0,2017-06-02 12:10 America/Denver
20041101,3263,BIJOU CR. NR WIGGINS CO,6846.0,2017-06-02 12:10 America/Denver
20041102,3263,BIJOU CR. NR WIGGINS CO,23542.0,2017-06-02 12:10 America/Denver
20041103,3263,BIJOU CR. NR WIGGINS CO,21977.0,2017-06-02 12:10 America/Denver
20041104,3263,BIJOU CR. NR WIGGINS CO,4478.0,2017-06-02 12:10 America/Denver
20041105,3263,BIJOU CR. NR WIGGINS CO,0.0,2017-06-02 12:10 America/Denver
20041106,3263,BIJOU CR. NR WIGGINS CO,0.0,2017-06-02 12:10 America/Denver
20041107,3263,BIJOU CR. NR WIGGINS CO,0.0,2017-06-02 12:10 America/Denver
20041108,3263,BIJOU CR. NR WIGGINS CO,0.0,2017-06-02 12:10 America/Denver
20041109,3263,BIJOU CR. NR WIGGINS CO,0.0,2017-06-02 12:10 America/Denver
20041110,3263,BIJOU CR. NR WIGGINS CO,0.0,2017-06-02 12:10 America/Denver
20041111,3263,BIJOU CR. NR WIGGINS CO,1360.0,2017-06-02 12:10 America/Denver
20041112,3263,BIJOU CR. NR WIGGINS CO,0.0,2017-06-02 12:10 America/Denver
20041113,3263,BIJOU CR. NR WIGGINS CO,0.0,2017-06-02 12:10 America/Denver
20041114,3263,BIJOU CR. NR WIGGINS CO,1049.0,2017-06-02 12:10 America/Denver
20041115,3263,BIJOU CR. NR WIGGINS CO,581.0,2017-06-02 12:10 America/Denver
20041116,3263,BIJOU CR. NR WIGGINS CO,0.0,2017-06-02 12:10 America/Denver
20041117,3263,BIJOU CR. NR WIGGINS CO,0.0,2017-06-02 12:10 America/Denver
20041118,3263,BIJOU CR. NR WIGGINS CO,0.0,2017-06-02 12:10 America/Denver
20041119,3263,BIJOU CR. NR WIGGINS CO,0.0,2017-06-02 12:10 America/Denver
20041120,3263,BIJOU CR. NR WIGGINS CO,0.0,2017-06-02 12:10 America/Denver
20041121,3263,BIJOU CR. NR WIGGINS CO,10240.0,2017-06-02 12:10 America/Denver
20041122,3263,BIJOU CR. NR WIGGINS CO,11247.0,2017-06-02 12:10 America/Denver
20041123,3263,BIJOU CR. NR WIGGINS CO,49.0,2017-06-02 12:10 America/Denver
20041124,3263,BIJOU CR. NR WIGGINS CO,32.0,2017-06-02 12:10 America/Denver
20041125,3263,BIJOU CR. NR WIGGINS CO,16.0,2017-06-02 12:10 America/Denver
20041126,3263,BIJOU CR. NR WIGGINS CO,0.0,2017-06-02 12:10 America/Denver
20041127,3263,BIJOU CR. NR WIGGINS CO,0.0,2017-06-02 12:10 America/Denver
20041128,3263,BIJOU CR. NR WIGGINS CO,707.0,2017-06-02 12:10 America/Denver
20041129,3263,BIJOU CR. NR WIGGINS CO,7507.0,2017-06-02 12:10 America/Denver
20041130,3263,BIJOU CR. NR WIGGINS CO,10368.0,2017-06-02 12:10 America/Denver
20041201,3263,BIJOU CR. NR WIGGINS CO,8314.0,2017-06-02 12:10 America/Denver
20041202,3263,BIJOU CR. NR WIGGINS CO,7648.0,2017-06-02 12:10 America/Denver
20041203,3263,BIJOU CR. NR WIGGINS CO,7031.0,2017-06-02 12:10 America/Denver
20041204,3263,BIJOU CR. NR WIGGINS CO,3361.0,2017-06-02 12:10 America/Denver
20041205,3263,BIJOU CR. NR WIGGINS CO,606.0,2017-06-02 12:10 America/Denver
20041206,3263,BIJOU CR. NR WIGGINS CO,580.0,2017-06-02 12:10 America/Denver
20041207,3263,BIJOU CR. NR WIGGINS CO,358.0,2017-06-02 12:10 America/Denver
20041208,3263,BIJOU CR. NR WIGGINS CO,72.0,2017-06-02 12:10 America/Denver
20041209,3263,BIJOU CR. NR WIGGINS CO,0.0,2017-06-02 12:10 America/Denver
20041210,3263,BIJOU CR. NR WIGGINS CO,0.0,2017-06-02 12:10 America/Denver
20041211,3263,BIJOU CR. NR WIGGINS CO,0.0,2017-06-02 12:10 America/Denver
20041212,3263,BIJOU CR. NR WIGGINS CO,0.0,2017-06-02 12:10 America/Denver
20041213,3263,BIJOU CR. NR WIGGINS CO,0.0,2017-06-02 12:10 America/Denver
20041214,3263,BIJOU CR. NR WIGGINS CO,0.0,2017-06-02 12:10 America/Denver
20041215,3263,BIJOU CR. NR WIGGINS CO,0.0,2017-06-02 12:10 America/Denver
20041216,3263,BIJOU CR. NR WIGGINS CO,0.0,2017-06-02 12:10 America/Denver
20041217,3263,BIJOU CR. NR WIGGINS CO,675.0,2017-06-02 12:10 America/Denver
20041218,3263,BIJOU CR. NR WIGGINS CO,0.0,2017-06-02 12:10 America/Denver
20041219,3263,BIJOU CR. NR WIGGINS CO,0.0,2017-06-02 12:10 America/Denver
20041220,3263,BIJOU CR. NR WIGGINS CO,0.0,2017-06-02 12:10 America/Denver
20041221,3263,BIJOU CR. NR WIGGINS CO,0.0,2017-06-02 12:10 America/Denver
20041222,3263,BIJOU CR. NR WIGGINS CO,685.0,2017-06-02 12:10 America/Denver
20041223,3263,BIJOU CR. NR WIGGINS CO,4340.0,2017-06-02 12:10 America/Denver
20041224,3263,BIJOU CR. NR WIGGINS CO,27511.0,2017-06-02 12:10 America/Denver
20041225,3263,BIJOU CR. NR WIGGINS CO,24748.0,2017-06-02 12:10 America/Denver
20041226,3263,BIJOU CR. NR WIGGINS CO,10859.0,2017-06-02 12:10 America/Denver
20041227,3263,BIJOU CR. NR WIGGINS CO,4702.0,2017-06-02 12:10 America/Denver
20041228,3263,BIJOU CR. NR WIGGINS CO,1206.0,2017-06-02 12:10 America/Denver
20041229,3263,BIJOU CR. NR WIGGINS CO,0.0,2017-06-02 12:10 America/Denver
20041230,3263,BIJOU CR. NR WIGGINS CO,0.0,2017-06-02 12:10 America/Denver
20041231,3263,BIJOU CR. NR WIGGINS CO,0.0,2017-06-02 12:10 America/Denver
20050101,3263,BIJOU CR. NR WIGGINS CO,0.0,2017-06-02 12:10 America/Denver
20050102,3263,BIJOU CR. NR WIGGINS CO,0.0,2017-06-02 12:10 America/Denver
20050103,3263,BIJOU CR. NR WIGGINS CO,0.0,2017-06-02 12:10 America/Denver
20050104,3263,BIJOU CR. NR WIGGINS CO,0.0,2017-06-02 12:10 America/Denver
20050105,3263,BIJOU CR. NR WIGGINS CO,11590.0,2017-06-02 12:10 America/Denver
20050106,3263,BIJOU CR. NR WIGGINS CO,17597.0,2017-06-02 12:10 America/Denver
20050107,3263,BIJOU CR. NR WIGGINS CO,16850.0,2017-06-02 12:10 America/Denver
20050108,3263,BIJOU CR. NR WIGGINS CO,13799.0,2017-06-02 12:10 America/Denver
20050109,3263,BIJOU CR. NR WIGGINS CO,1384.0,2017-06-02 12:10 America/Denver
20050110,3263,BIJOU CR. NR WIGGINS CO,0.0,2017-06-02 12:10 America/Denver
20050111,3263,BIJOU CR. NR WIGGINS CO,0.0,2017-06-02 12:10 America/Denver
20050112,3263,BIJOU CR. NR WIGGINS CO,334.0,2017-06-02 12:10 America/Denver
20050113,3263,BIJOU CR. NR WIGGINS CO,5676.0,2017-06-02 12:10 America/Denver
20050114,3263,BIJOU CR. NR WIGGINS CO,3810.0,2017-06-02 12:10 America/Denver
20050115,3263,BIJOU CR. NR WIGGINS CO,3054.0,2017-06-02 12:10 America/Denver
20050116,3263,BIJOU CR. NR WIGGINS CO,3054.0,2017-06-02 12:10 America/Denver
20050117,3263,BIJOU CR. NR WIGGINS CO,2571.0,2017-06-02 12:10 America/Denver
20050118,3263,BIJOU CR. NR WIGGINS CO,172.0,2017-06-02 12:10 America/Denver
20050119,3263,BIJOU CR. NR WIGGINS CO,0.0,2017-06-02 12:10 America/Denver
20050120,3263,BIJOU CR. NR WIGGINS CO,0.0,2017-06-02 12:10 America/Denver
20050121,3263,BIJOU CR. NR WIGGINS CO,0.0,2017-06-02 12:10 America/Denver
20050122,3263,BIJOU CR. NR WIGGINS CO,0.0,2017-06-02 12:10 America/Denver
20050123,3263,BIJOU CR. NR WIGGINS CO,0.0,2017-06-02 12:10 America/Denver
20050124,3263,BIJOU CR. NR WIGGINS CO,0.0,2017-06-02 12:10 America/Denver
20050125,3263,BIJOU CR. NR WIGGINS CO,0.0,2017-06-02 12:10 America/Denver
20050126,3263,BIJOU CR. NR WIGGINS CO,0.0,2017-06-02 12:10 America/Denver
20050127,3263,BIJOU CR. NR WIGGINS CO,0.0,2017-06-02 12:10 America/Denver
20050128,3263,BIJOU CR. NR WIGGINS CO,0.0,2017-06-02 12:10 America/Denver
20050129,3263,BIJOU CR. NR WIGGINS CO,0.0,2017-06-02 12:10 America/Denver
20050130,3263,BIJOU CR. NR WIGGINS CO,0.0,2017-06-02 12:10 America/Denver
20050131,3263,BIJOU CR. NR WIGGINS CO,36.0,2017-06-02 12:10 America/Denver
20050201,3263,BIJOU CR. NR WIGGINS CO,10105.0,2017-06-02 12:10 America/Denver
20050202,3263,BIJOU CR. NR WIGGINS CO,8635.0,2017-06-02 12:10 America/Denver
20050203,3263,BIJOU CR. NR WIGGINS CO,5997.0,2017-06-02 12:10 America/Denver
20050204,3263,BIJOU CR. NR WIGGINS CO,576.0,2017-06-02 12:10 America/Denver
20050205,3263,BIJOU CR. NR WIGGINS CO,0.0,2017-06-02 12:10 America/Denver
20050206,3263,BIJOU CR. NR WIGGINS CO,0.0,2017-06-02 12:10 America/Denver
20050207,3263,BIJOU CR. NR WIGGINS CO,0.0,2017-06-02 12:10 America/Denver
20050208,3263,BIJOU CR. NR WIGGINS CO,0.0,2017-06-02 12:10 America/Denver
20050209,3263,BIJOU CR. NR WIGGINS CO,0.0,2017-06-02 12:10 America/Denver
20050210,3263,BIJOU CR. NR WIGGINS CO,0.0,2017-06-02 12:10 America/Denver
20050211,3263,BIJOU CR. NR WIGGINS CO,0.0,2017-06-02 12:10 America/Denver
20050212,3263,BIJOU CR. NR WIGGINS CO,0.0,2017-06-02 12:10 America/Denver
20050213,3263,BIJOU CR. NR WIGGINS CO,0.0,2017-06-02 12:10 America/Denver
20050214,3263,BIJOU CR. NR WIGGINS CO,0.0,2017-06-02 12:10 America/Denver
20050215,3263,BIJOU CR. NR WIGGINS CO,0.0,2017-06-02 12:10 America/Denver
20050216,3263,BIJOU CR. NR WIGGINS CO,2389.0,2017-06-02 12:10 America/Denver
20050217,3263,BIJOU CR. NR WIGGINS CO,3526.0,2017-06-02 12:10 America/Denver
20050218,3263,BIJOU CR. NR WIGGINS CO,12.0,2017-06-02 12:10 America/Denver
20050219,3263,BIJOU CR. NR WIGGINS CO,0.0,2017-06-02 12:10 America/Denver
20050220,3263,BIJOU CR. NR WIGGINS CO,0.0,2017-06-02 12:10 America/Denver
20050221,3263,BIJOU CR. NR WIGGINS CO,0.0,2017-06-02 12:10 America/Denver
20050222,3263,BIJOU CR. NR WIGGINS CO,0.0,2017-06-02 12:10 America/Denver
20050223,3263,BIJOU CR. NR WIGGINS CO,0.0,2017-06-02 12:10 America/Denver
20050224,3263,BIJOU CR. NR WIGGINS CO,0.0,2017-06-02 12:10 America/Denver
20050225,3263,BIJOU CR. NR WIGGINS CO,0.0,2017-06-02 12:10 America/Denver
20050226,3263,BIJOU CR. NR WIGGINS CO,0.0,2017-06-02 12:10 America/Denver
20050227,3263,BIJOU CR. NR WIGGINS CO,0.0,2017-06-02 12:10 America/Denver
20050228,3263,BIJOU CR. NR WIGGINS CO,0.0,2017-06-02 12:10 America/Denver
20050301,3263,BIJOU CR. NR WIGGINS CO,0.0,2017-06-02 12:10 America/Denver
20050302,3263,BIJOU CR. NR WIGGINS CO,0.0,2017-06-02 12:10 America/Denver
20050303,3263,BIJOU CR. NR WIGGINS CO,0.0,2017-06-02 12:10 America/Denver
20050304,3263,BIJOU CR. NR WIGGINS CO,0.0,2017-06-02 12:10 America/Denver
20050305,3263,BIJOU CR. NR WIGGINS CO,0.0,2017-06-02 12:10 America/Denver
20050306,3263,BIJOU CR. NR WIGGINS CO,0.0,2017-06-02 12:10 America/Denver
20050307,3263,BIJOU CR. NR WIGGINS CO,0.0,2017-06-02 12:10 America/Denver
20050308,3263,BIJOU CR. NR WIGGINS CO,0.0,2017-06-02 12:10 America/Denver
20050309,3263,BIJOU CR. NR WIGGINS CO,0.0,2017-06-02 12:10 America/Denver
20050310,3263,BIJOU CR. NR WIGGINS CO,0.0,2017-06-02 12:10 America/Denver
20050311,3263,BIJOU CR. NR WIGGINS CO,0.0,2017-06-02 12:10 America/Denver
20050312,3263,BIJOU CR. NR WIGGINS CO,0.0,2017-06-02 12:10 America/Denver
20050313,3263,BIJOU CR. NR WIGGINS CO,12.0,2017-06-02 12:10 America/Denver
20050314,3263,BIJOU CR. NR WIGGINS CO,5681.0,2017-06-02 12:10 America/Denver
20050315,3263,BIJOU CR. NR WIGGINS CO,4425.0,2017-06-02 12:10 America/Denver
20050316,3263,BIJOU CR. NR WIGGINS CO,1756.0,2017-06-02 12:10 America/Denver
20050317,3263,BIJOU CR. NR WIGGINS CO,8.0,2017-06-02 12:10 America/Denver
20050318,3263,BIJOU CR. NR WIGGINS CO,0.0,2017-06-02 12:10 America/Denver
20050319,3263,BIJOU CR. NR WIGGINS CO,0.0,2017-06-02 12:10 America/Denver
20050320,3263,BIJOU CR. NR WIGGINS CO,0.0,2017-06-02 12:10 America/Denver
20050321,3263,BIJOU CR. NR WIGGINS CO,0.0,2017-06-02 12:10 America/Denver
20050322,3263,BIJOU CR. NR WIGGINS CO,0.0,2017-06-02 12:10 America/Denver
20050323,3263,BIJOU CR. NR WIGGINS CO,0.0,2017-06-02 12:10 America/Denver
20050324,3263,BIJOU CR. NR WIGGINS CO,0.0,2017-06-02 12:10 America/Denver
20050325,3263,BIJOU CR. NR WIGGINS CO,1892.0,2017-06-02 12:10 America/Denver
20050326,3263,BIJOU CR. NR WIGGINS CO,2390.0,2017-06-02 12:10 America/Denver
20050327,3263,BIJOU CR. NR WIGGINS CO,862.0,2017-06-02 12:10 America/Denver
20050328,3263,BIJOU CR. NR WIGGINS CO,0.0,2017-06-02 12:10 America/Denver
20050329,3263,BIJOU CR. NR WIGGINS CO,0.0,2017-06-02 12:10 America/Denver
20050330,3263,BIJOU CR. NR WIGGINS CO,0.0,2017-06-02 12:10 America/Denver
20050331,3263,BIJOU CR. NR WIGGINS CO,2336.0,2017-06-02 12:10 America/Denver
20050401,3263,BIJOU CR. NR WIGGINS CO,23757.0,2017-06-02 12:10 America/Denver
20050402,3263,BIJOU CR. NR WIGGINS CO,3670.0,2017-06-02 12:10 America/Denver
20050403,3263,BIJOU CR. NR WIGGINS CO,0.0,2017-06-02 12:10 America/Denver
20050404,3263,BIJOU CR. NR WIGGINS CO,0.0,2017-06-02 12:10 America/Denver
20050405,3263,BIJOU CR. NR WIGGINS CO,0.0,2017-06-02 12:10 America/Denver
20050406,3263,BIJOU CR. NR WIGGINS CO,0.0,2017-06-02 12:10 America/Denver
20050407,3263,BIJOU CR. NR WIGGINS CO,0.0,2017-06-02 12:10 America/Denver
20050408,3263,BIJOU CR. NR WIGGINS CO,0.0,2017-06-02 12:10 America/Denver
20050409,3263,BIJOU CR. NR WIGGINS CO,0.0,2017-06-02 12:10 America/Denver
20050410,3263,BIJOU CR. NR WIGGINS CO,0.0,2017-06-02 12:10 America/Denver
20050411,3263,BIJOU CR. NR WIGGINS CO,44747.0,2017-06-02 12:10 America/Denver
20050412,3263,BIJOU CR. NR WIGGINS CO,37736.0,2017-06-02 12:10 America/Denver
20050413,3263,BIJOU CR. NR WIGGINS CO,652.0,2017-06-02 12:10 America/Denver
20050414,3263,BIJOU CR. NR WIGGINS CO,0.0,2017-06-02 12:10 America/Denver
20050415,3263,BIJOU CR. NR WIGGINS CO,0.0,2017-06-02 12:10 America/Denver
20050416,3263,BIJOU CR. NR WIGGINS CO,0.0,2017-06-02 12:10 America/Denver
20050417,3263,BIJOU CR. NR WIGGINS CO,0.0,2017-06-02 12:10 America/Denver
20050418,3263,BIJOU CR. NR WIGGINS CO,0.0,2017-06-02 12:10 America/Denver
20050419,3263,BIJOU CR. NR WIGGINS CO,0.0,2017-06-02 12:10 America/Denver
20050420,3263,BIJOU CR. NR WIGGINS CO,0.0,2017-06-02 12:10 America/Denver
20050421,3263,BIJOU CR. NR WIGGINS CO,0.0,2017-06-02 12:10 America/Denver
20050422,3263,BIJOU CR. NR WIGGINS CO,0.0,2017-06-02 12:10 America/Denver
20050423,3263,BIJOU CR. NR WIGGINS CO,0.0,2017-06-02 12:10 America/Denver
20050424,3263,BIJOU CR. NR WIGGINS CO,0.0,2017-06-02 12:10 America/Denver
20050425,3263,BIJOU CR. NR WIGGINS CO,3461.0,2017-06-02 12:10 America/Denver
20050426,3263,BIJOU CR. NR WIGGINS CO,0.0,2017-06-02 12:10 America/Denver
20050427,3263,BIJOU CR. NR WIGGINS CO,0.0,2017-06-02 12:10 America/Denver
20050428,3263,BIJOU CR. NR WIGGINS CO,0.0,2017-06-02 12:10 America/Denver
20050429,3263,BIJOU CR. NR WIGGINS CO,132.0,2017-06-02 12:10 America/Denver
20050430,3263,BIJOU CR. NR WIGGINS CO,292.0,2017-06-02 12:10 America/Denver
20050501,3263,BIJOU CR. NR WIGGINS CO,0.0,2017-06-02 12:10 America/Denver
20050502,3263,BIJOU CR. NR WIGGINS CO,547.0,2017-06-02 12:10 America/Denver
20050503,3263,BIJOU CR. NR WIGGINS CO,0.0,2017-06-02 12:10 America/Denver
20050504,3263,BIJOU CR. NR WIGGINS CO,0.0,2017-06-02 12:10 America/Denver
20050505,3263,BIJOU CR. NR WIGGINS CO,0.0,2017-06-02 12:10 America/Denver
20050506,3263,BIJOU CR. NR WIGGINS CO,0.0,2017-06-02 12:10 America/Denver
20050507,3263,BIJOU CR. NR WIGGINS CO,0.0,2017-06-02 12:10 America/Denver
20050508,3263,BIJOU CR. NR WIGGINS CO,0.0,2017-06-02 12:10 America/Denver
20050509,3263,BIJOU CR. NR WIGGINS CO,0.0,2017-06-02 12:10 America/Denver
20050510,3263,BIJOU CR. NR WIGGINS CO,0.0,2017-06-02 12:10 America/Denver
20050511,3263,BIJOU CR. NR WIGGINS CO,0.0,2017-06-02 12:10 America/Denver
20050512,3263,BIJOU CR. NR WIGGINS CO,0.0,2017-06-02 12:10 America/Denver
20050513,3263,BIJOU CR. NR WIGGINS CO,0.0,2017-06-02 12:10 America/Denver
20050514,3263,BIJOU CR. NR WIGGINS CO,0.0,2017-06-02 12:10 America/Denver
20050515,3263,BIJOU CR. NR WIGGINS CO,0.0,2017-06-02 12:10 America/Denver
20050516,3263,BIJOU CR. NR WIGGINS CO,0.0,2017-06-02 12:10 America/Denver
20050517,3263,BIJOU CR. NR WIGGINS CO,0.0,2017-06-02 12:10 America/Denver
20050518,3263,BIJOU CR. NR WIGGINS CO,0.0,2017-06-02 12:10 America/Denver
20050519,3263,BIJOU CR. NR WIGGINS CO,0.0,2017-06-02 12:10 America/Denver
20050520,3263,BIJOU CR. NR WIGGINS CO,0.0,2017-06-02 12:10 America/Denver
20050521,3263,BIJOU CR. NR WIGGINS CO,0.0,2017-06-02 12:10 America/Denver
20050522,3263,BIJOU CR. NR WIGGINS CO,0.0,2017-06-02 12:10 America/Denver
20050523,3263,BIJOU CR. NR WIGGINS CO,0.0,2017-06-02 12:10 America/Denver
20050524,3263,BIJOU CR. NR WIGGINS CO,0.0,2017-06-02 12:10 America/Denver
20050525,3263,BIJOU CR. NR WIGGINS CO,0.0,2017-06-02 12:10 America/Denver
20050526,3263,BIJOU CR. NR WIGGINS CO,0.0,2017-06-02 12:10 America/Denver
20050527,3263,BIJOU CR. NR WIGGINS CO,0.0,2017-06-02 12:10 America/Denver
20050528,3263,BIJOU CR. NR WIGGINS CO,0.0,2017-06-02 12:10 America/Denver
20050529,3263,BIJOU CR. NR WIGGINS CO,0.0,2017-06-02 12:10 America/Denver
20050530,3263,BIJOU CR. NR WIGGINS CO,0.0,2017-06-02 12:10 America/Denver
20050531,3263,BIJOU CR. NR WIGGINS CO,0.0,2017-06-02 12:10 America/Denver
20050601,3263,BIJOU CR. NR WIGGINS CO,0.0,2017-06-02 12:10 America/Denver
20050602,3263,BIJOU CR. NR WIGGINS CO,0.0,2017-06-02 12:10 America/Denver
20050603,3263,BIJOU CR. NR WIGGINS CO,0.0,2017-06-02 12:10 America/Denver
20050604,3263,BIJOU CR. NR WIGGINS CO,0.0,2017-06-02 12:10 America/Denver
20050605,3263,BIJOU CR. NR WIGGINS CO,0.0,2017-06-02 12:10 America/Denver
20050606,3263,BIJOU CR. NR WIGGINS CO,0.0,2017-06-02 12:10 America/Denver
20050607,3263,BIJOU CR. NR WIGGINS CO,0.0,2017-06-02 12:10 America/Denver
20050608,3263,BIJOU CR. NR WIGGINS CO,0.0,2017-06-02 12:10 America/Denver
20050609,3263,BIJOU CR. NR WIGGINS CO,0.0,2017-06-02 12:10 America/Denver
20050610,3263,BIJOU CR. NR WIGGINS CO,0.0,2017-06-02 12:10 America/Denver
20050611,3263,BIJOU CR. NR WIGGINS CO,0.0,2017-06-02 12:10 America/Denver
20050612,3263,BIJOU CR. NR WIGGINS CO,0.0,2017-06-02 12:10 America/Denver
20050613,3263,BIJOU CR. NR WIGGINS CO,0.0,2017-06-02 12:10 America/Denver
20050614,3263,BIJOU CR. NR WIGGINS CO,0.0,2017-06-02 12:10 America/Denver
20050615,3263,BIJOU CR. NR WIGGINS CO,0.0,2017-06-02 12:10 America/Denver
20050616,3263,BIJOU CR. NR WIGGINS CO,0.0,2017-06-02 12:10 America/Denver
20050617,3263,BIJOU CR. NR WIGGINS CO,0.0,2017-06-02 12:10 America/Denver
20050618,3263,BIJOU CR. NR WIGGINS CO,0.0,2017-06-02 12:10 America/Denver
20050619,3263,BIJOU CR. NR WIGGINS CO,0.0,2017-06-02 12:10 America/Denver
20050620,3263,BIJOU CR. NR WIGGINS CO,0.0,2017-06-02 12:10 America/Denver
20050621,3263,BIJOU CR. NR WIGGINS CO,0.0,2017-06-02 12:10 America/Denver
20050622,3263,BIJOU CR. NR WIGGINS CO,0.0,2017-06-02 12:10 America/Denver
20050623,3263,BIJOU CR. NR WIGGINS CO,0.0,2017-06-02 12:10 America/Denver
20050624,3263,BIJOU CR. NR WIGGINS CO,0.0,2017-06-02 12:10 America/Denver
20050625,3263,BIJOU CR. NR WIGGINS CO,,2017-06-02 12:10 America/Denver
20050626,3263,BIJOU CR. NR WIGGINS CO,0.0,2017-06-02 12:10 America/Denver
20050627,3263,BIJOU CR. NR WIGGINS CO,0.0,2017-06-02 12:10 America/Denver
20050628,3263,BIJOU CR. NR WIGGINS CO,0.0,2017-06-02 12:10 America/Denver
20050629,3263,BIJOU CR. NR WIGGINS CO,0.0,2017-06-02 12:10 America/Denver
20050630,3263,BIJOU CR. NR WIGGINS CO,0.0,2017-06-02 12:10 America/Denver
20050701,3263,BIJOU CR. NR WIGGINS CO,0.0,2017-06-02 12:10 America/Denver
20050702,3263,BIJOU CR. NR WIGGINS CO,0.0,2017-06-02 12:10 America/Denver
20050703,3263,BIJOU CR. NR WIGGINS CO,0.0,2017-06-02 12:10 America/Denver
20050704,3263,BIJOU CR. NR WIGGINS CO,0.0,2017-06-02 12:10 America/Denver
20050705,3263,BIJOU CR. NR WIGGINS CO,0.0,2017-06-02 12:10 America/Denver
20050706,3263,BIJOU CR. NR WIGGINS CO,0.0,2017-06-02 12:10 America/Denver
20050707,3263,BIJOU CR. NR WIGGINS CO,0.0,2017-06-02 12:10 America/Denver
20050708,3263,BIJOU CR. NR WIGGINS CO,0.0,2017-06-02 12:10 America/Denver
20050709,3263,BIJOU CR. NR WIGGINS CO,0.0,2017-06-02 12:10 America/Denver
20050710,3263,BIJOU CR. NR WIGGINS CO,0.0,2017-06-02 12:10 America/Denver
20050711,3263,BIJOU CR. NR WIGGINS CO,0.0,2017-06-02 12:10 America/Denver
20050712,3263,BIJOU CR. NR WIGGINS CO,0.0,2017-06-02 12:10 America/Denver
20050713,3263,BIJOU CR. NR WIGGINS CO,0.0,2017-06-02 12:10 America/Denver
20050714,3263,BIJOU CR. NR WIGGINS CO,0.0,2017-06-02 12:10 America/Denver
20050715,3263,BIJOU CR. NR WIGGINS CO,0.0,2017-06-02 12:10 America/Denver
20050716,3263,BIJOU CR. NR WIGGINS CO,0.0,2017-06-02 12:10 America/Denver
20050717,3263,BIJOU CR. NR WIGGINS CO,0.0,2017-06-02 12:10 America/Denver
20050718,3263,BIJOU CR. NR WIGGINS CO,0.0,2017-06-02 12:10 America/Denver
20050719,3263,BIJOU CR. NR WIGGINS CO,0.0,2017-06-02 12:10 America/Denver
20050720,3263,BIJOU CR. NR WIGGINS CO,0.0,2017-06-02 12:10 America/Denver
20050721,3263,BIJOU CR. NR WIGGINS CO,0.0,2017-06-02 12:10 America/Denver
20050722,3263,BIJOU CR. NR WIGGINS CO,0.0,2017-06-02 12:10 America/Denver
20050723,3263,BIJOU CR. NR WIGGINS CO,0.0,2017-06-02 12:10 America/Denver
20050724,3263,BIJOU CR. NR WIGGINS CO,0.0,2017-06-02 12:10 America/Denver
20050725,3263,BIJOU CR. NR WIGGINS CO,0.0,2017-06-02 12:10 America/Denver
20050726,3263,BIJOU CR. NR WIGGINS CO,0.0,2017-06-02 12:10 America/Denver
20050727,3263,BIJOU CR. NR WIGGINS CO,0.0,2017-06-02 12:10 America/Denver
20050728,3263,BIJOU CR. NR WIGGINS CO,0.0,2017-06-02 12:10 America/Denver
20050729,3263,BIJOU CR. NR WIGGINS CO,0.0,2017-06-02 12:10 America/Denver
20050730,3263,BIJOU CR. NR WIGGINS CO,0.0,2017-06-02 12:10 America/Denver
20050731,3263,BIJOU CR. NR WIGGINS CO,0.0,2017-06-02 12:10 America/Denver
20050801,3263,BIJOU CR. NR WIGGINS CO,,2017-06-02 12:10 America/Denver
20050802,3263,BIJOU CR. NR WIGGINS CO,,2017-06-02 12:10 America/Denver
20050803,3263,BIJOU CR. NR WIGGINS CO,0.0,2017-06-02 12:10 America/Denver
20050804,3263,BIJOU CR. NR WIGGINS CO,0.0,2017-06-02 12:10 America/Denver
20050805,3263,BIJOU CR. NR WIGGINS CO,0.0,2017-06-02 12:10 America/Denver
20050806,3263,BIJOU CR. NR WIGGINS CO,0.0,2017-06-02 12:10 America/Denver
20050807,3263,BIJOU CR. NR WIGGINS CO,0.0,2017-06-02 12:10 America/Denver
20050808,3263,BIJOU CR. NR WIGGINS CO,0.0,2017-06-02 12:10 America/Denver
20050809,3263,BIJOU CR. NR WIGGINS CO,0.0,2017-06-02 12:10 America/Denver
20050810,3263,BIJOU CR. NR WIGGINS CO,0.0,2017-06-02 12:10 America/Denver
20050811,3263,BIJOU CR. NR WIGGINS CO,0.0,2017-06-02 12:10 America/Denver
20050812,3263,BIJOU CR. NR WIGGINS CO,0.0,2017-06-02 12:10 America/Denver
20050813,3263,BIJOU CR. NR WIGGINS CO,0.0,2017-06-02 12:10 America/Denver
20050814,3263,BIJOU CR. NR WIGGINS CO,0.0,2017-06-02 12:10 America/Denver
20050815,3263,BIJOU CR. NR WIGGINS CO,0.0,2017-06-02 12:10 America/Denver
20050816,3263,BIJOU CR. NR WIGGINS CO,0.0,2017-06-02 12:10 America/Denver
20050817,3263,BIJOU CR. NR WIGGINS CO,0.0,2017-06-02 12:10 America/Denver
20050818,3263,BIJOU CR. NR WIGGINS CO,0.0,2017-06-02 12:10 America/Denver
20050819,3263,BIJOU CR. NR WIGGINS CO,0.0,2017-06-02 12:10 America/Denver
20050820,3263,BIJOU CR. NR WIGGINS CO,0.0,2017-06-02 12:10 America/Denver
20050821,3263,BIJOU CR. NR WIGGINS CO,0.0,2017-06-02 12:10 America/Denver
20050822,3263,BIJOU CR. NR WIGGINS CO,0.0,2017-06-02 12:10 America/Denver
20050823,3263,BIJOU CR. NR WIGGINS CO,0.0,2017-06-02 12:10 America/Denver
20050824,3263,BIJOU CR. NR WIGGINS CO,0.0,2017-06-02 12:10 America/Denver
20050825,3263,BIJOU CR. NR WIGGINS CO,0.0,2017-06-02 12:10 America/Denver
20050826,3263,BIJOU CR. NR WIGGINS CO,0.0,2017-06-02 12:10 America/Denver
20050827,3263,BIJOU CR. NR WIGGINS CO,0.0,2017-06-02 12:10 America/Denver
20050828,3263,BIJOU CR. NR WIGGINS CO,0.0,2017-06-02 12:10 America/Denver
20050829,3263,BIJOU CR. NR WIGGINS CO,0.0,2017-06-02 12:10 America/Denver
20050830,3263,BIJOU CR. NR WIGGINS CO,0.0,2017-06-02 12:10 America/Denver
20050831,3263,BIJOU CR. NR WIGGINS CO,0.0,2017-06-02 12:10 America/Denver
20050901,3263,BIJOU CR. NR WIGGINS CO,0.0,2017-06-02 12:10 America/Denver
20050902,3263,BIJOU CR. NR WIGGINS CO,0.0,2017-06-02 12:10 America/Denver
20050903,3263,BIJOU CR. NR WIGGINS CO,0.0,2017-06-02 12:10 America/Denver
20050904,3263,BIJOU CR. NR WIGGINS CO,0.0,2017-06-02 12:10 America/Denver
20050905,3263,BIJOU CR. NR WIGGINS CO,0.0,2017-06-02 12:10 America/Denver
20050906,3263,BIJOU CR. NR WIGGINS CO,0.0,2017-06-02 12:10 America/Denver
20050907,3263,BIJOU CR. NR WIGGINS CO,0.0,2017-06-02 12:10 America/Denver
20050908,3263,BIJOU CR. NR WIGGINS CO,0.0,2017-06-02 12:10 America/Denver
20050909,3263,BIJOU CR. NR WIGGINS CO,0.0,2017-06-02 12:10 America/Denver
20050910,3263,BIJOU CR. NR WIGGINS CO,0.0,2017-06-02 12:10 America/Denver
20050911,3263,BIJOU CR. NR WIGGINS CO,0.0,2017-06-02 12:10 America/Denver
20050912,3263,BIJOU CR. NR WIGGINS CO,0.0,2017-06-02 12:10 America/Denver
20050913,3263,BIJOU CR. NR WIGGINS CO,0.0,2017-06-02 12:10 America/Denver
20050914,3263,BIJOU CR. NR WIGGINS CO,0.0,2017-06-02 12:10 America/Denver
20050915,3263,BIJOU CR. NR WIGGINS CO,0.0,2017-06-02 12:10 America/Denver
20050916,3263,BIJOU CR. NR WIGGINS CO,0.0,2017-06-02 12:10 America/Denver
20050917,3263,BIJOU CR. NR WIGGINS CO,0.0,2017-06-02 12:10 America/Denver
20050918,3263,BIJOU CR. NR WIGGINS CO,0.0,2017-06-02 12:10 America/Denver
20050919,3263,BIJOU CR. NR WIGGINS CO,0.0,2017-06-02 12:10 America/Denver
20050920,3263,BIJOU CR. NR WIGGINS CO,0.0,2017-06-02 12:10 America/Denver
20050921,3263,BIJOU CR. NR WIGGINS CO,0.0,2017-06-02 12:10 America/Denver
20050922,3263,BIJOU CR. NR WIGGINS CO,0.0,2017-06-02 12:10 America/Denver
20050923,3263,BIJOU CR. NR WIGGINS CO,0.0,2017-06-02 12:10 America/Denver
20050924,3263,BIJOU CR. NR WIGGINS CO,0.0,2017-06-02 12:10 America/Denver
20050925,3263,BIJOU CR. NR WIGGINS CO,0.0,2017-06-02 12:10 America/Denver
20050926,3263,BIJOU CR. NR WIGGINS CO,0.0,2017-06-02 12:10 America/Denver
20050927,3263,BIJOU CR. NR WIGGINS CO,0.0,2017-06-02 12:10 America/Denver
20050928,3263,BIJOU CR. NR WIGGINS CO,0.0,2017-06-02 12:10 America/Denver
20050929,3263,BIJOU CR. NR WIGGINS CO,0.0,2017-06-02 12:10 America/Denver
20050930,3263,BIJOU CR. NR WIGGINS CO,0.0,2017-06-02 12:10 America/Denver
20051001,3263,BIJOU CR. NR WIGGINS CO,0.0,2017-06-02 12:10 America/Denver
20051002,3263,BIJOU CR. NR WIGGINS CO,0.0,2017-06-02 12:10 America/Denver
20051003,3263,BIJOU CR. NR WIGGINS CO,0.0,2017-06-02 12:10 America/Denver
20051004,3263,BIJOU CR. NR WIGGINS CO,0.0,2017-06-02 12:10 America/Denver
20051005,3263,BIJOU CR. NR WIGGINS CO,0.0,2017-06-02 12:10 America/Denver
20051006,3263,BIJOU CR. NR WIGGINS CO,0.0,2017-06-02 12:10 America/Denver
20051007,3263,BIJOU CR. NR WIGGINS CO,0.0,2017-06-02 12:10 America/Denver
20051008,3263,BIJOU CR. NR WIGGINS CO,0.0,2017-06-02 12:10 America/Denver
20051009,3263,BIJOU CR. NR WIGGINS CO,0.0,2017-06-02 12:10 America/Denver
20051010,3263,BIJOU CR. NR WIGGINS CO,8373.0,2017-06-02 12:10 America/Denver
20051011,3263,BIJOU CR. NR WIGGINS CO,85563.0,2017-06-02 12:10 America/Denver
20051012,3263,BIJOU CR. NR WIGGINS CO,80400.0,2017-06-02 12:10 America/Denver
20051013,3263,BIJOU CR. NR WIGGINS CO,44980.0,2017-06-02 12:10 America/Denver
20051014,3263,BIJOU CR. NR WIGGINS CO,402.0,2017-06-02 12:10 America/Denver
20051015,3263,BIJOU CR. NR WIGGINS CO,0.0,2017-06-02 12:10 America/Denver
20051016,3263,BIJOU CR. NR WIGGINS CO,0.0,2017-06-02 12:10 America/Denver
20051017,3263,BIJOU CR. NR WIGGINS CO,0.0,2017-06-02 12:10 America/Denver
20051018,3263,BIJOU CR. NR WIGGINS CO,0.0,2017-06-02 12:10 America/Denver
20051019,3263,BIJOU CR. NR WIGGINS CO,0.0,2017-06-02 12:10 America/Denver
20051020,3263,BIJOU CR. NR WIGGINS CO,0.0,2017-06-02 12:10 America/Denver
20051021,3263,BIJOU CR. NR WIGGINS CO,0.0,2017-06-02 12:10 America/Denver
20051022,3263,BIJOU CR. NR WIGGINS CO,0.0,2017-06-02 12:10 America/Denver
20051023,3263,BIJOU CR. NR WIGGINS CO,0.0,2017-06-02 12:10 America/Denver
20051024,3263,BIJOU CR. NR WIGGINS CO,0.0,2017-06-02 12:10 America/Denver
20051025,3263,BIJOU CR. NR WIGGINS CO,0.0,2017-06-02 12:10 America/Denver
20051026,3263,BIJOU CR. NR WIGGINS CO,0.0,2017-06-02 12:10 America/Denver
20051027,3263,BIJOU CR. NR WIGGINS CO,0.0,2017-06-02 12:10 America/Denver
20051028,3263,BIJOU CR. NR WIGGINS CO,0.0,2017-06-02 12:10 America/Denver
20051029,3263,BIJOU CR. NR WIGGINS CO,0.0,2017-06-02 12:10 America/Denver
20051030,3263,BIJOU CR. NR WIGGINS CO,0.0,2017-06-02 12:10 America/Denver
20051031,3263,BIJOU CR. NR WIGGINS CO,0.0,2017-06-02 12:10 America/Denver
20051101,3263,BIJOU CR. NR WIGGINS CO,0.0,2017-06-02 12:10 America/Denver
20051102,3263,BIJOU CR. NR WIGGINS CO,0.0,2017-06-02 12:10 America/Denver
20051103,3263,BIJOU CR. NR WIGGINS CO,0.0,2017-06-02 12:10 America/Denver
20051104,3263,BIJOU CR. NR WIGGINS CO,0.0,2017-06-02 12:10 America/Denver
20051105,3263,BIJOU CR. NR WIGGINS CO,0.0,2017-06-02 12:10 America/Denver
20051106,3263,BIJOU CR. NR WIGGINS CO,0.0,2017-06-02 12:10 America/Denver
20051107,3263,BIJOU CR. NR WIGGINS CO,0.0,2017-06-02 12:10 America/Denver
20051108,3263,BIJOU CR. NR WIGGINS CO,0.0,2017-06-02 12:10 America/Denver
20051109,3263,BIJOU CR. NR WIGGINS CO,0.0,2017-06-02 12:10 America/Denver
20051110,3263,BIJOU CR. NR WIGGINS CO,0.0,2017-06-02 12:10 America/Denver
20051111,3263,BIJOU CR. NR WIGGINS CO,0.0,2017-06-02 12:10 America/Denver
20051112,3263,BIJOU CR. NR WIGGINS CO,0.0,2017-06-02 12:10 America/Denver
20051113,3263,BIJOU CR. NR WIGGINS CO,0.0,2017-06-02 12:10 America/Denver
20051114,3263,BIJOU CR. NR WIGGINS CO,0.0,2017-06-02 12:10 America/Denver
20051115,3263,BIJOU CR. NR WIGGINS CO,7846.0,2017-06-02 12:10 America/Denver
20051116,3263,BIJOU CR. NR WIGGINS CO,16813.0,2017-06-02 12:10 America/Denver
20051117,3263,BIJOU CR. NR WIGGINS CO,13979.0,2017-06-02 12:10 America/Denver
20051118,3263,BIJOU CR. NR WIGGINS CO,8161.0,2017-06-02 12:10 America/Denver
20051119,3263,BIJOU CR. NR WIGGINS CO,0.0,2017-06-02 12:10 America/Denver
20051120,3263,BIJOU CR. NR WIGGINS CO,0.0,2017-06-02 12:10 America/Denver
20051121,3263,BIJOU CR. NR WIGGINS CO,0.0,2017-06-02 12:10 America/Denver
20051122,3263,BIJOU CR. NR WIGGINS CO,0.0,2017-06-02 12:10 America/Denver
20051123,3263,BIJOU CR. NR WIGGINS CO,0.0,2017-06-02 12:10 America/Denver
20051124,3263,BIJOU CR. NR WIGGINS CO,0.0,2017-06-02 12:10 America/Denver
20051125,3263,BIJOU CR. NR WIGGINS CO,0.0,2017-06-02 12:10 America/Denver
20051126,3263,BIJOU CR. NR WIGGINS CO,0.0,2017-06-02 12:10 America/Denver
20051127,3263,BIJOU CR. NR WIGGINS CO,0.0,2017-06-02 12:10 America/Denver
20051128,3263,BIJOU CR. NR WIGGINS CO,0.0,2017-06-02 12:10 America/Denver
20051129,3263,BIJOU CR. NR WIGGINS CO,0.0,2017-06-02 12:10 America/Denver
20051130,3263,BIJOU CR. NR WIGGINS CO,0.0,2017-06-02 12:10 America/Denver
20051201,3263,BIJOU CR. NR WIGGINS CO,0.0,2017-06-02 12:10 America/Denver
20051202,3263,BIJOU CR. NR WIGGINS CO,0.0,2017-06-02 12:10 America/Denver
20051203,3263,BIJOU CR. NR WIGGINS CO,0.0,2017-06-02 12:10 America/Denver
20051204,3263,BIJOU CR. NR WIGGINS CO,17524.0,2017-06-02 12:10 America/Denver
20051205,3263,BIJOU CR. NR WIGGINS CO,15656.0,2017-06-02 12:10 America/Denver
20051206,3263,BIJOU CR. NR WIGGINS CO,12404.0,2017-06-02 12:10 America/Denver
20051207,3263,BIJOU CR. NR WIGGINS CO,21928.0,2017-06-02 12:10 America/Denver
20051208,3263,BIJOU CR. NR WIGGINS CO,25600.0,2017-06-02 12:10 America/Denver
20051209,3263,BIJOU CR. NR WIGGINS CO,24271.0,2017-06-02 12:10 America/Denver
20051210,3263,BIJOU CR. NR WIGGINS CO,21347.0,2017-06-02 12:10 America/Denver
20051211,3263,BIJOU CR. NR WIGGINS CO,18659.0,2017-06-02 12:10 America/Denver
20051212,3263,BIJOU CR. NR WIGGINS CO,15084.0,2017-06-02 12:10 America/Denver
20051213,3263,BIJOU CR. NR WIGGINS CO,2170.0,2017-06-02 12:10 America/Denver
20051214,3263,BIJOU CR. NR WIGGINS CO,0.0,2017-06-02 12:10 America/Denver
20051215,3263,BIJOU CR. NR WIGGINS CO,0.0,2017-06-02 12:10 America/Denver
20051216,3263,BIJOU CR. NR WIGGINS CO,0.0,2017-06-02 12:10 America/Denver
20051217,3263,BIJOU CR. NR WIGGINS CO,0.0,2017-06-02 12:10 America/Denver
20051218,3263,BIJOU CR. NR WIGGINS CO,3659.0,2017-06-02 12:10 America/Denver
20051219,3263,BIJOU CR. NR WIGGINS CO,4053.0,2017-06-02 12:10 America/Denver
20051220,3263,BIJOU CR. NR WIGGINS CO,4880.0,2017-06-02 12:10 America/Denver
20051221,3263,BIJOU CR. NR WIGGINS CO,3974.0,2017-06-02 12:10 America/Denver
20051222,3263,BIJOU CR. NR WIGGINS CO,0.0,2017-06-02 12:10 America/Denver
20051223,3263,BIJOU CR. NR WIGGINS CO,0.0,2017-06-02 12:10 America/Denver
20051224,3263,BIJOU CR. NR WIGGINS CO,0.0,2017-06-02 12:10 America/Denver
20051225,3263,BIJOU CR. NR WIGGINS CO,0.0,2017-06-02 12:10 America/Denver
20051226,3263,BIJOU CR. NR WIGGINS CO,0.0,2017-06-02 12:10 America/Denver
20051227,3263,BIJOU CR. NR WIGGINS CO,0.0,2017-06-02 12:10 America/Denver
20051228,3263,BIJOU CR. NR WIGGINS CO,0.0,2017-06-02 12:10 America/Denver
20051229,3263,BIJOU CR. NR WIGGINS CO,0.0,2017-06-02 12:10 America/Denver
20051230,3263,BIJOU CR. NR WIGGINS CO,0.0,2017-06-02 12:10 America/Denver
20051231,3263,BIJOU CR. NR WIGGINS CO,0.0,2017-06-02 12:10 America/Denver
20060101,3263,BIJOU CR. NR WIGGINS CO,0.0,2017-06-02 12:10 America/Denver
20060102,3263,BIJOU CR. NR WIGGINS CO,0.0,2017-06-02 12:10 America/Denver
20060103,3263,BIJOU CR. NR WIGGINS CO,0.0,2017-06-02 12:10 America/Denver
20060104,3263,BIJOU CR. NR WIGGINS CO,0.0,2017-06-02 12:10 America/Denver
20060105,3263,BIJOU CR. NR WIGGINS CO,0.0,2017-06-02 12:10 America/Denver
20060106,3263,BIJOU CR. NR WIGGINS CO,0.0,2017-06-02 12:10 America/Denver
20060107,3263,BIJOU CR. NR WIGGINS CO,0.0,2017-06-02 12:10 America/Denver
20060108,3263,BIJOU CR. NR WIGGINS CO,0.0,2017-06-02 12:10 America/Denver
20060109,3263,BIJOU CR. NR WIGGINS CO,0.0,2017-06-02 12:10 America/Denver
20060110,3263,BIJOU CR. NR WIGGINS CO,0.0,2017-06-02 12:10 America/Denver
20060111,3263,BIJOU CR. NR WIGGINS CO,0.0,2017-06-02 12:10 America/Denver
20060112,3263,BIJOU CR. NR WIGGINS CO,0.0,2017-06-02 12:10 America/Denver
20060113,3263,BIJOU CR. NR WIGGINS CO,0.0,2017-06-02 12:10 America/Denver
20060114,3263,BIJOU CR. NR WIGGINS CO,0.0,2017-06-02 12:10 America/Denver
20060115,3263,BIJOU CR. NR WIGGINS CO,0.0,2017-06-02 12:10 America/Denver
20060116,3263,BIJOU CR. NR WIGGINS CO,0.0,2017-06-02 12:10 America/Denver
20060117,3263,BIJOU CR. NR WIGGINS CO,74.0,2017-06-02 12:10 America/Denver
20060118,3263,BIJOU CR. NR WIGGINS CO,0.0,2017-06-02 12:10 America/Denver
20060119,3263,BIJOU CR. NR WIGGINS CO,0.0,2017-06-02 12:10 America/Denver
20060120,3263,BIJOU CR. NR WIGGINS CO,6251.0,2017-06-02 12:10 America/Denver
20060121,3263,BIJOU CR. NR WIGGINS CO,10058.0,2017-06-02 12:10 America/Denver
20060122,3263,BIJOU CR. NR WIGGINS CO,8301.0,2017-06-02 12:10 America/Denver
20060123,3263,BIJOU CR. NR WIGGINS CO,7536.0,2017-06-02 12:10 America/Denver
20060124,3263,BIJOU CR. NR WIGGINS CO,3352.0,2017-06-02 12:10 America/Denver
20060125,3263,BIJOU CR. NR WIGGINS CO,664.0,2017-06-02 12:10 America/Denver
20060126,3263,BIJOU CR. NR WIGGINS CO,90.0,2017-06-02 12:10 America/Denver
20060127,3263,BIJOU CR. NR WIGGINS CO,0.0,2017-06-02 12:10 America/Denver
20060128,3263,BIJOU CR. NR WIGGINS CO,0.0,2017-06-02 12:10 America/Denver
20060129,3263,BIJOU CR. NR WIGGINS CO,0.0,2017-06-02 12:10 America/Denver
20060130,3263,BIJOU CR. NR WIGGINS CO,0.0,2017-06-02 12:10 America/Denver
20060131,3263,BIJOU CR. NR WIGGINS CO,0.0,2017-06-02 12:10 America/Denver
20060201,3263,BIJOU CR. NR WIGGINS CO,0.0,2017-06-02 12:10 America/Denver
20060202,3263,BIJOU CR. NR WIGGINS CO,0.0,2017-06-02 12:10 America/Denver
20060203,3263,BIJOU CR. NR WIGGINS CO,0.0,2017-06-02 12:10 America/Denver
20060204,3263,BIJOU CR. NR WIGGINS CO,0.0,2017-06-02 12:10 America/Denver
20060205,3263,BIJOU CR. NR WIGGINS CO,0.0,2017-06-02 12:10 America/Denver
20060206,3263,BIJOU CR. NR WIGGINS CO,0.0,2017-06-02 12:10 America/Denver
20060207,3263,BIJOU CR. NR WIGGINS CO,0.0,2017-06-02 12:10 America/Denver
20060208,3263,BIJOU CR. NR WIGGINS CO,0.0,2017-06-02 12:10 America/Denver
20060209,3263,BIJOU CR. NR WIGGINS CO,0.0,2017-06-02 12:10 America/Denver
20060210,3263,BIJOU CR. NR WIGGINS CO,0.0,2017-06-02 12:10 America/Denver
20060211,3263,BIJOU CR. NR WIGGINS CO,8027.0,2017-06-02 12:10 America/Denver
20060212,3263,BIJOU CR. NR WIGGINS CO,4917.0,2017-06-02 12:10 America/Denver
20060213,3263,BIJOU CR. NR WIGGINS CO,0.0,2017-06-02 12:10 America/Denver
20060214,3263,BIJOU CR. NR WIGGINS CO,0.0,2017-06-02 12:10 America/Denver
20060215,3263,BIJOU CR. NR WIGGINS CO,0.0,2017-06-02 12:10 America/Denver
20060216,3263,BIJOU CR. NR WIGGINS CO,0.0,2017-06-02 12:10 America/Denver
20060217,3263,BIJOU CR. NR WIGGINS CO,8425.0,2017-06-02 12:10 America/Denver
20060218,3263,BIJOU CR. NR WIGGINS CO,10504.0,2017-06-02 12:10 America/Denver
20060219,3263,BIJOU CR. NR WIGGINS CO,10464.0,2017-06-02 12:10 America/Denver
20060220,3263,BIJOU CR. NR WIGGINS CO,10121.0,2017-06-02 12:10 America/Denver
20060221,3263,BIJOU CR. NR WIGGINS CO,3764.0,2017-06-02 12:10 America/Denver
20060222,3263,BIJOU CR. NR WIGGINS CO,853.0,2017-06-02 12:10 America/Denver
20060223,3263,BIJOU CR. NR WIGGINS CO,269.0,2017-06-02 12:10 America/Denver
20060224,3263,BIJOU CR. NR WIGGINS CO,0.0,2017-06-02 12:10 America/Denver
20060225,3263,BIJOU CR. NR WIGGINS CO,0.0,2017-06-02 12:10 America/Denver
20060226,3263,BIJOU CR. NR WIGGINS CO,0.0,2017-06-02 12:10 America/Denver
20060227,3263,BIJOU CR. NR WIGGINS CO,0.0,2017-06-02 12:10 America/Denver
20060228,3263,BIJOU CR. NR WIGGINS CO,0.0,2017-06-02 12:10 America/Denver
20060301,3263,BIJOU CR. NR WIGGINS CO,0.0,2017-06-02 12:10 America/Denver
20060302,3263,BIJOU CR. NR WIGGINS CO,0.0,2017-06-02 12:10 America/Denver
20060303,3263,BIJOU CR. NR WIGGINS CO,0.0,2017-06-02 12:10 America/Denver
20060304,3263,BIJOU CR. NR WIGGINS CO,0.0,2017-06-02 12:10 America/Denver
20060305,3263,BIJOU CR. NR WIGGINS CO,0.0,2017-06-02 12:10 America/Denver
20060306,3263,BIJOU CR. NR WIGGINS CO,0.0,2017-06-02 12:10 America/Denver
20060307,3263,BIJOU CR. NR WIGGINS CO,0.0,2017-06-02 12:10 America/Denver
20060308,3263,BIJOU CR. NR WIGGINS CO,0.0,2017-06-02 12:10 America/Denver
20060309,3263,BIJOU CR. NR WIGGINS CO,15666.0,2017-06-02 12:10 America/Denver
20060310,3263,BIJOU CR. NR WIGGINS CO,2283.0,2017-06-02 12:10 America/Denver
20060311,3263,BIJOU CR. NR WIGGINS CO,27.0,2017-06-02 12:10 America/Denver
20060312,3263,BIJOU CR. NR WIGGINS CO,3.0,2017-06-02 12:10 America/Denver
20060313,3263,BIJOU CR. NR WIGGINS CO,6358.0,2017-06-02 12:10 America/Denver
20060314,3263,BIJOU CR. NR WIGGINS CO,4452.0,2017-06-02 12:10 America/Denver
20060315,3263,BIJOU CR. NR WIGGINS CO,3.0,2017-06-02 12:10 America/Denver
20060316,3263,BIJOU CR. NR WIGGINS CO,0.0,2017-06-02 12:10 America/Denver
20060317,3263,BIJOU CR. NR WIGGINS CO,0.0,2017-06-02 12:10 America/Denver
20060318,3263,BIJOU CR. NR WIGGINS CO,0.0,2017-06-02 12:10 America/Denver
20060319,3263,BIJOU CR. NR WIGGINS CO,0.0,2017-06-02 12:10 America/Denver
20060320,3263,BIJOU CR. NR WIGGINS CO,1873.0,2017-06-02 12:10 America/Denver
20060321,3263,BIJOU CR. NR WIGGINS CO,47614.0,2017-06-02 12:10 America/Denver
20060322,3263,BIJOU CR. NR WIGGINS CO,44487.0,2017-06-02 12:10 America/Denver
20060323,3263,BIJOU CR. NR WIGGINS CO,41401.0,2017-06-02 12:10 America/Denver
20060324,3263,BIJOU CR. NR WIGGINS CO,32048.0,2017-06-02 12:10 America/Denver
20060325,3263,BIJOU CR. NR WIGGINS CO,1969.0,2017-06-02 12:10 America/Denver
20060326,3263,BIJOU CR. NR WIGGINS CO,0.0,2017-06-02 12:10 America/Denver
20060327,3263,BIJOU CR. NR WIGGINS CO,0.0,2017-06-02 12:10 America/Denver
20060328,3263,BIJOU CR. NR WIGGINS CO,0.0,2017-06-02 12:10 America/Denver
20060329,3263,BIJOU CR. NR WIGGINS CO,0.0,2017-06-02 12:10 America/Denver
20060330,3263,BIJOU CR. NR WIGGINS CO,0.0,2017-06-02 12:10 America/Denver
20060331,3263,BIJOU CR. NR WIGGINS CO,0.0,2017-06-02 12:10 America/Denver
20060401,3263,BIJOU CR. NR WIGGINS CO,0.0,2017-06-02 12:10 America/Denver
20060402,3263,BIJOU CR. NR WIGGINS CO,0.0,2017-06-02 12:10 America/Denver
20060403,3263,BIJOU CR. NR WIGGINS CO,0.0,2017-06-02 12:10 America/Denver
20060404,3263,BIJOU CR. NR WIGGINS CO,0.0,2017-06-02 12:10 America/Denver
20060405,3263,BIJOU CR. NR WIGGINS CO,0.0,2017-06-02 12:10 America/Denver
20060406,3263,BIJOU CR. NR WIGGINS CO,0.0,2017-06-02 12:10 America/Denver
20060407,3263,BIJOU CR. NR WIGGINS CO,0.0,2017-06-02 12:10 America/Denver
20060408,3263,BIJOU CR. NR WIGGINS CO,0.0,2017-06-02 12:10 America/Denver
20060409,3263,BIJOU CR. NR WIGGINS CO,0.0,2017-06-02 12:10 America/Denver
20060410,3263,BIJOU CR. NR WIGGINS CO,0.0,2017-06-02 12:10 America/Denver
20060411,3263,BIJOU CR. NR WIGGINS CO,0.0,2017-06-02 12:10 America/Denver
20060412,3263,BIJOU CR. NR WIGGINS CO,0.0,2017-06-02 12:10 America/Denver
20060413,3263,BIJOU CR. NR WIGGINS CO,0.0,2017-06-02 12:10 America/Denver
20060414,3263,BIJOU CR. NR WIGGINS CO,0.0,2017-06-02 12:10 America/Denver
20060415,3263,BIJOU CR. NR WIGGINS CO,0.0,2017-06-02 12:10 America/Denver
20060416,3263,BIJOU CR. NR WIGGINS CO,0.0,2017-06-02 12:10 America/Denver
20060417,3263,BIJOU CR. NR WIGGINS CO,0.0,2017-06-02 12:10 America/Denver
20060418,3263,BIJOU CR. NR WIGGINS CO,0.0,2017-06-02 12:10 America/Denver
20060419,3263,BIJOU CR. NR WIGGINS CO,0.0,2017-06-02 12:10 America/Denver
20060420,3263,BIJOU CR. NR WIGGINS CO,0.0,2017-06-02 12:10 America/Denver
20060421,3263,BIJOU CR. NR WIGGINS CO,0.0,2017-06-02 12:10 America/Denver
20060422,3263,BIJOU CR. NR WIGGINS CO,0.0,2017-06-02 12:10 America/Denver
20060423,3263,BIJOU CR. NR WIGGINS CO,0.0,2017-06-02 12:10 America/Denver
20060424,3263,BIJOU CR. NR WIGGINS CO,0.0,2017-06-02 12:10 America/Denver
20060425,3263,BIJOU CR. NR WIGGINS CO,1822.0,2017-06-02 12:10 America/Denver
20060426,3263,BIJOU CR. NR WIGGINS CO,0.0,2017-06-02 12:10 America/Denver
20060427,3263,BIJOU CR. NR WIGGINS CO,0.0,2017-06-02 12:10 America/Denver
20060428,3263,BIJOU CR. NR WIGGINS CO,0.0,2017-06-02 12:10 America/Denver
20060429,3263,BIJOU CR. NR WIGGINS CO,0.0,2017-06-02 12:10 America/Denver
20060430,3263,BIJOU CR. NR WIGGINS CO,0.0,2017-06-02 12:10 America/Denver
20060501,3263,BIJOU CR. NR WIGGINS CO,0.0,2017-06-02 12:10 America/Denver
20060502,3263,BIJOU CR. NR WIGGINS CO,0.0,2017-06-02 12:10 America/Denver
20060503,3263,BIJOU CR. NR WIGGINS CO,0.0,2017-06-02 12:10 America/Denver
20060504,3263,BIJOU CR. NR WIGGINS CO,0.0,2017-06-02 12:10 America/Denver
20060505,3263,BIJOU CR. NR WIGGINS CO,0.0,2017-06-02 12:10 America/Denver
20060506,3263,BIJOU CR. NR WIGGINS CO,0.0,2017-06-02 12:10 America/Denver
20060507,3263,BIJOU CR. NR WIGGINS CO,0.0,2017-06-02 12:10 America/Denver
20060508,3263,BIJOU CR. NR WIGGINS CO,0.0,2017-06-02 12:10 America/Denver
20060509,3263,BIJOU CR. NR WIGGINS CO,0.0,2017-06-02 12:10 America/Denver
20060510,3263,BIJOU CR. NR WIGGINS CO,0.0,2017-06-02 12:10 America/Denver
20060511,3263,BIJOU CR. NR WIGGINS CO,0.0,2017-06-02 12:10 America/Denver
20060512,3263,BIJOU CR. NR WIGGINS CO,0.0,2017-06-02 12:10 America/Denver
20060513,3263,BIJOU CR. NR WIGGINS CO,0.0,2017-06-02 12:10 America/Denver
20060514,3263,BIJOU CR. NR WIGGINS CO,0.0,2017-06-02 12:10 America/Denver
20060515,3263,BIJOU CR. NR WIGGINS CO,0.0,2017-06-02 12:10 America/Denver
20060516,3263,BIJOU CR. NR WIGGINS CO,0.0,2017-06-02 12:10 America/Denver
20060517,3263,BIJOU CR. NR WIGGINS CO,0.0,2017-06-02 12:10 America/Denver
20060518,3263,BIJOU CR. NR WIGGINS CO,0.0,2017-06-02 12:10 America/Denver
20060519,3263,BIJOU CR. NR WIGGINS CO,0.0,2017-06-02 12:10 America/Denver
20060520,3263,BIJOU CR. NR WIGGINS CO,0.0,2017-06-02 12:10 America/Denver
20060521,3263,BIJOU CR. NR WIGGINS CO,0.0,2017-06-02 12:10 America/Denver
20060522,3263,BIJOU CR. NR WIGGINS CO,0.0,2017-06-02 12:10 America/Denver
20060523,3263,BIJOU CR. NR WIGGINS CO,0.0,2017-06-02 12:10 America/Denver
20060524,3263,BIJOU CR. NR WIGGINS CO,0.0,2017-06-02 12:10 America/Denver
20060525,3263,BIJOU CR. NR WIGGINS CO,0.0,2017-06-02 12:10 America/Denver
20060526,3263,BIJOU CR. NR WIGGINS CO,0.0,2017-06-02 12:10 America/Denver
20060527,3263,BIJOU CR. NR WIGGINS CO,0.0,2017-06-02 12:10 America/Denver
20060528,3263,BIJOU CR. NR WIGGINS CO,0.0,2017-06-02 12:10 America/Denver
20060529,3263,BIJOU CR. NR WIGGINS CO,0.0,2017-06-02 12:10 America/Denver
20060530,3263,BIJOU CR. NR WIGGINS CO,0.0,2017-06-02 12:10 America/Denver
20060531,3263,BIJOU CR. NR WIGGINS CO,0.0,2017-06-02 12:10 America/Denver
20060601,3263,BIJOU CR. NR WIGGINS CO,0.0,2017-06-02 12:10 America/Denver
20060602,3263,BIJOU CR. NR WIGGINS CO,0.0,2017-06-02 12:10 America/Denver
20060603,3263,BIJOU CR. NR WIGGINS CO,0.0,2017-06-02 12:10 America/Denver
20060604,3263,BIJOU CR. NR WIGGINS CO,0.0,2017-06-02 12:10 America/Denver
20060605,3263,BIJOU CR. NR WIGGINS CO,0.0,2017-06-02 12:10 America/Denver
20060606,3263,BIJOU CR. NR WIGGINS CO,0.0,2017-06-02 12:10 America/Denver
20060607,3263,BIJOU CR. NR WIGGINS CO,0.0,2017-06-02 12:10 America/Denver
20060608,3263,BIJOU CR. NR WIGGINS CO,0.0,2017-06-02 12:10 America/Denver
20060609,3263,BIJOU CR. NR WIGGINS CO,0.0,2017-06-02 12:10 America/Denver
20060610,3263,BIJOU CR. NR WIGGINS CO,0.0,2017-06-02 12:10 America/Denver
20060611,3263,BIJOU CR. NR WIGGINS CO,0.0,2017-06-02 12:10 America/Denver
20060612,3263,BIJOU CR. NR WIGGINS CO,0.0,2017-06-02 12:10 America/Denver
20060613,3263,BIJOU CR. NR WIGGINS CO,0.0,2017-06-02 12:10 America/Denver
20060614,3263,BIJOU CR. NR WIGGINS CO,0.0,2017-06-02 12:10 America/Denver
20060615,3263,BIJOU CR. NR WIGGINS CO,0.0,2017-06-02 12:10 America/Denver
20060616,3263,BIJOU CR. NR WIGGINS CO,0.0,2017-06-02 12:10 America/Denver
20060617,3263,BIJOU CR. NR WIGGINS CO,0.0,2017-06-02 12:10 America/Denver
20060618,3263,BIJOU CR. NR WIGGINS CO,0.0,2017-06-02 12:10 America/Denver
20060619,3263,BIJOU CR. NR WIGGINS CO,0.0,2017-06-02 12:10 America/Denver
20060620,3263,BIJOU CR. NR WIGGINS CO,0.0,2017-06-02 12:10 America/Denver
20060621,3263,BIJOU CR. NR WIGGINS CO,0.0,2017-06-02 12:10 America/Denver
20060622,3263,BIJOU CR. NR WIGGINS CO,0.0,2017-06-02 12:10 America/Denver
20060623,3263,BIJOU CR. NR WIGGINS CO,0.0,2017-06-02 12:10 America/Denver
20060624,3263,BIJOU CR. NR WIGGINS CO,0.0,2017-06-02 12:10 America/Denver
20060625,3263,BIJOU CR. NR WIGGINS CO,0.0,2017-06-02 12:10 America/Denver
20060626,3263,BIJOU CR. NR WIGGINS CO,0.0,2017-06-02 12:10 America/Denver
20060627,3263,BIJOU CR. NR WIGGINS CO,0.0,2017-06-02 12:10 America/Denver
20060628,3263,BIJOU CR. NR WIGGINS CO,0.0,2017-06-02 12:10 America/Denver
20060629,3263,BIJOU CR. NR WIGGINS CO,0.0,2017-06-02 12:10 America/Denver
20060630,3263,BIJOU CR. NR WIGGINS CO,0.0,2017-06-02 12:10 America/Denver
20060701,3263,BIJOU CR. NR WIGGINS CO,0.0,2017-06-02 12:10 America/Denver
20060702,3263,BIJOU CR. NR WIGGINS CO,0.0,2017-06-02 12:10 America/Denver
20060703,3263,BIJOU CR. NR WIGGINS CO,0.0,2017-06-02 12:10 America/Denver
20060704,3263,BIJOU CR. NR WIGGINS CO,0.0,2017-06-02 12:10 America/Denver
20060705,3263,BIJOU CR. NR WIGGINS CO,0.0,2017-06-02 12:10 America/Denver
20060706,3263,BIJOU CR. NR WIGGINS CO,0.0,2017-06-02 12:10 America/Denver
20060707,3263,BIJOU CR. NR WIGGINS CO,0.0,2017-06-02 12:10 America/Denver
20060708,3263,BIJOU CR. NR WIGGINS CO,0.0,2017-06-02 12:10 America/Denver
20060709,3263,BIJOU CR. NR WIGGINS CO,0.0,2017-06-02 12:10 America/Denver
20060710,3263,BIJOU CR. NR WIGGINS CO,0.0,2017-06-02 12:10 America/Denver
20060711,3263,BIJOU CR. NR WIGGINS CO,0.0,2017-06-02 12:10 America/Denver
20060712,3263,BIJOU CR. NR WIGGINS CO,0.0,2017-06-02 12:10 America/Denver
20060713,3263,BIJOU CR. NR WIGGINS CO,0.0,2017-06-02 12:10 America/Denver
20060714,3263,BIJOU CR. NR WIGGINS CO,0.0,2017-06-02 12:10 America/Denver
20060715,3263,BIJOU CR. NR WIGGINS CO,0.0,2017-06-02 12:10 America/Denver
20060716,3263,BIJOU CR. NR WIGGINS CO,0.0,2017-06-02 12:10 America/Denver
20060717,3263,BIJOU CR. NR WIGGINS CO,0.0,2017-06-02 12:10 America/Denver
20060718,3263,BIJOU CR. NR WIGGINS CO,0.0,2017-06-02 12:10 America/Denver
20060719,3263,BIJOU CR. NR WIGGINS CO,0.0,2017-06-02 12:10 America/Denver
20060720,3263,BIJOU CR. NR WIGGINS CO,0.0,2017-06-02 12:10 America/Denver
20060721,3263,BIJOU CR. NR WIGGINS CO,0.0,2017-06-02 12:10 America/Denver
20060722,3263,BIJOU CR. NR WIGGINS CO,0.0,2017-06-02 12:10 America/Denver
20060723,3263,BIJOU CR. NR WIGGINS CO,0.0,2017-06-02 12:10 America/Denver
20060724,3263,BIJOU CR. NR WIGGINS CO,0.0,2017-06-02 12:10 America/Denver
20060725,3263,BIJOU CR. NR WIGGINS CO,0.0,2017-06-02 12:10 America/Denver
20060726,3263,BIJOU CR. NR WIGGINS CO,0.0,2017-06-02 12:10 America/Denver
20060727,3263,BIJOU CR. NR WIGGINS CO,0.0,2017-06-02 12:10 America/Denver
20060728,3263,BIJOU CR. NR WIGGINS CO,0.0,2017-06-02 12:10 America/Denver
20060729,3263,BIJOU CR. NR WIGGINS CO,0.0,2017-06-02 12:10 America/Denver
20060730,3263,BIJOU CR. NR WIGGINS CO,0.0,2017-06-02 12:10 America/Denver
20060731,3263,BIJOU CR. NR WIGGINS CO,0.0,2017-06-02 12:10 America/Denver
20060801,3263,BIJOU CR. NR WIGGINS CO,0.0,2017-06-02 12:10 America/Denver
20060802,3263,BIJOU CR. NR WIGGINS CO,0.0,2017-06-02 12:10 America/Denver
20060803,3263,BIJOU CR. NR WIGGINS CO,0.0,2017-06-02 12:10 America/Denver
20060804,3263,BIJOU CR. NR WIGGINS CO,0.0,2017-06-02 12:10 America/Denver
20060805,3263,BIJOU CR. NR WIGGINS CO,0.0,2017-06-02 12:10 America/Denver
20060806,3263,BIJOU CR. NR WIGGINS CO,0.0,2017-06-02 12:10 America/Denver
20060807,3263,BIJOU CR. NR WIGGINS CO,0.0,2017-06-02 12:10 America/Denver
20060808,3263,BIJOU CR. NR WIGGINS CO,0.0,2017-06-02 12:10 America/Denver
20060809,3263,BIJOU CR. NR WIGGINS CO,0.0,2017-06-02 12:10 America/Denver
20060810,3263,BIJOU CR. NR WIGGINS CO,0.0,2017-06-02 12:10 America/Denver
20060811,3263,BIJOU CR. NR WIGGINS CO,0.0,2017-06-02 12:10 America/Denver
20060812,3263,BIJOU CR. NR WIGGINS CO,0.0,2017-06-02 12:10 America/Denver
20060813,3263,BIJOU CR. NR WIGGINS CO,0.0,2017-06-02 12:10 America/Denver
20060814,3263,BIJOU CR. NR WIGGINS CO,0.0,2017-06-02 12:10 America/Denver
20060815,3263,BIJOU CR. NR WIGGINS CO,0.0,2017-06-02 12:10 America/Denver
20060816,3263,BIJOU CR. NR WIGGINS CO,0.0,2017-06-02 12:10 America/Denver
20060817,3263,BIJOU CR. NR WIGGINS CO,0.0,2017-06-02 12:10 America/Denver
20060818,3263,BIJOU CR. NR WIGGINS CO,0.0,2017-06-02 12:10 America/Denver
20060819,3263,BIJOU CR. NR WIGGINS CO,0.0,2017-06-02 12:10 America/Denver
20060820,3263,BIJOU CR. NR WIGGINS CO,0.0,2017-06-02 12:10 America/Denver
20060821,3263,BIJOU CR. NR WIGGINS CO,0.0,2017-06-02 12:10 America/Denver
20060822,3263,BIJOU CR. NR WIGGINS CO,0.0,2017-06-02 12:10 America/Denver
20060823,3263,BIJOU CR. NR WIGGINS CO,0.0,2017-06-02 12:10 America/Denver
20060824,3263,BIJOU CR. NR WIGGINS CO,0.0,2017-06-02 12:10 America/Denver
20060825,3263,BIJOU CR. NR WIGGINS CO,0.0,2017-06-02 12:10 America/Denver
20060826,3263,BIJOU CR. NR WIGGINS CO,,2017-06-02 12:10 America/Denver
20060827,3263,BIJOU CR. NR WIGGINS CO,,2017-06-02 12:10 America/Denver
20060828,3263,BIJOU CR. NR WIGGINS CO,0.0,2017-06-02 12:10 America/Denver
20060829,3263,BIJOU CR. NR WIGGINS CO,0.0,2017-06-02 12:10 America/Denver
20060830,3263,BIJOU CR. NR WIGGINS CO,0.0,2017-06-02 12:10 America/Denver
20060831,3263,BIJOU CR. NR WIGGINS CO,0.0,2017-06-02 12:10 America/Denver
20060901,3263,BIJOU CR. NR WIGGINS CO,0.0,2017-06-02 12:10 America/Denver
20060902,3263,BIJOU CR. NR WIGGINS CO,0.0,2017-06-02 12:10 America/Denver
20060903,3263,BIJOU CR. NR WIGGINS CO,0.0,2017-06-02 12:10 America/Denver
20060904,3263,BIJOU CR. NR WIGGINS CO,0.0,2017-06-02 12:10 America/Denver
20060905,3263,BIJOU CR. NR WIGGINS CO,0.0,2017-06-02 12:10 America/Denver
20060906,3263,BIJOU CR. NR WIGGINS CO,0.0,2017-06-02 12:10 America/Denver
20060907,3263,BIJOU CR. NR WIGGINS CO,0.0,2017-06-02 12:10 America/Denver
20060908,3263,BIJOU CR. NR WIGGINS CO,,2017-06-02 12:10 America/Denver
20060909,3263,BIJOU CR. NR WIGGINS CO,0.0,2017-06-02 12:10 America/Denver
20060910,3263,BIJOU CR. NR WIGGINS CO,0.0,2017-06-02 12:10 America/Denver
20060911,3263,BIJOU CR. NR WIGGINS CO,0.0,2017-06-02 12:10 America/Denver
20060912,3263,BIJOU CR. NR WIGGINS CO,0.0,2017-06-02 12:10 America/Denver
20060913,3263,BIJOU CR. NR WIGGINS CO,0.0,2017-06-02 12:10 America/Denver
20060914,3263,BIJOU CR. NR WIGGINS CO,0.0,2017-06-02 12:10 America/Denver
20060915,3263,BIJOU CR. NR WIGGINS CO,0.0,2017-06-02 12:10 America/Denver
20060916,3263,BIJOU CR. NR WIGGINS CO,0.0,2017-06-02 12:10 America/Denver
20060917,3263,BIJOU CR. NR WIGGINS CO,0.0,2017-06-02 12:10 America/Denver
20060918,3263,BIJOU CR. NR WIGGINS CO,0.0,2017-06-02 12:10 America/Denver
20060919,3263,BIJOU CR. NR WIGGINS CO,0.0,2017-06-02 12:10 America/Denver
20060920,3263,BIJOU CR. NR WIGGINS CO,0.0,2017-06-02 12:10 America/Denver
20060921,3263,BIJOU CR. NR WIGGINS CO,0.0,2017-06-02 12:10 America/Denver
20060922,3263,BIJOU CR. NR WIGGINS CO,0.0,2017-06-02 12:10 America/Denver
20060923,3263,BIJOU CR. NR WIGGINS CO,0.0,2017-06-02 12:10 America/Denver
20060924,3263,BIJOU CR. NR WIGGINS CO,0.0,2017-06-02 12:10 America/Denver
20060925,3263,BIJOU CR. NR WIGGINS CO,0.0,2017-06-02 12:10 America/Denver
20060926,3263,BIJOU CR. NR WIGGINS CO,0.0,2017-06-02 12:10 America/Denver
20060927,3263,BIJOU CR. NR WIGGINS CO,0.0,2017-06-02 12:10 America/Denver
20060928,3263,BIJOU CR. NR WIGGINS CO,0.0,2017-06-02 12:10 America/Denver
20060929,3263,BIJOU CR. NR WIGGINS CO,0.0,2017-06-02 12:10 America/Denver
20060930,3263,BIJOU CR. NR WIGGINS CO,,2017-06-02 12:10 America/Denver
20061001,3263,BIJOU CR. NR WIGGINS CO,,2017-06-02 12:10 America/Denver
20061002,3263,BIJOU CR. NR WIGGINS CO,0.0,2017-06-02 12:10 America/Denver
20061003,3263,BIJOU CR. NR WIGGINS CO,0.0,2017-06-02 12:10 America/Denver
20061004,3263,BIJOU CR. NR WIGGINS CO,0.0,2017-06-02 12:10 America/Denver
20061005,3263,BIJOU CR. NR WIGGINS CO,0.0,2017-06-02 12:10 America/Denver
20061006,3263,BIJOU CR. NR WIGGINS CO,0.0,2017-06-02 12:10 America/Denver
20061007,3263,BIJOU CR. NR WIGGINS CO,0.0,2017-06-02 12:10 America/Denver
20061008,3263,BIJOU CR. NR WIGGINS CO,0.0,2017-06-02 12:10 America/Denver
20061009,3263,BIJOU CR. NR WIGGINS CO,0.0,2017-06-02 12:10 America/Denver
20061010,3263,BIJOU CR. NR WIGGINS CO,0.0,2017-06-02 12:10 America/Denver
20061011,3263,BIJOU CR. NR WIGGINS CO,0.0,2017-06-02 12:10 America/Denver
20061012,3263,BIJOU CR. NR WIGGINS CO,0.0,2017-06-02 12:10 America/Denver
20061013,3263,BIJOU CR. NR WIGGINS CO,0.0,2017-06-02 12:10 America/Denver
20061014,3263,BIJOU CR. NR WIGGINS CO,0.0,2017-06-02 12:10 America/Denver
20061015,3263,BIJOU CR. NR WIGGINS CO,0.0,2017-06-02 12:10 America/Denver
20061016,3263,BIJOU CR. NR WIGGINS CO,0.0,2017-06-02 12:10 America/Denver
20061017,3263,BIJOU CR. NR WIGGINS CO,0.0,2017-06-02 12:10 America/Denver
20061018,3263,BIJOU CR. NR WIGGINS CO,15923.0,2017-06-02 12:10 America/Denver
20061019,3263,BIJOU CR. NR WIGGINS CO,20919.0,2017-06-02 12:10 America/Denver
20061020,3263,BIJOU CR. NR WIGGINS CO,243.0,2017-06-02 12:10 America/Denver
20061021,3263,BIJOU CR. NR WIGGINS CO,0.0,2017-06-02 12:10 America/Denver
20061022,3263,BIJOU CR. NR WIGGINS CO,16494.0,2017-06-02 12:10 America/Denver
20061023,3263,BIJOU CR. NR WIGGINS CO,15078.0,2017-06-02 12:10 America/Denver
20061024,3263,BIJOU CR. NR WIGGINS CO,0.0,2017-06-02 12:10 America/Denver
20061025,3263,BIJOU CR. NR WIGGINS CO,0.0,2017-06-02 12:10 America/Denver
20061026,3263,BIJOU CR. NR WIGGINS CO,0.0,2017-06-02 12:10 America/Denver
20061027,3263,BIJOU CR. NR WIGGINS CO,82202.0,2017-06-02 12:10 America/Denver
20061028,3263,BIJOU CR. NR WIGGINS CO,53830.0,2017-06-02 12:10 America/Denver
20061029,3263,BIJOU CR. NR WIGGINS CO,2902.0,2017-06-02 12:10 America/Denver
20061030,3263,BIJOU CR. NR WIGGINS CO,580.0,2017-06-02 12:10 America/Denver
20061031,3263,BIJOU CR. NR WIGGINS CO,147.0,2017-06-02 12:10 America/Denver
20061101,3263,BIJOU CR. NR WIGGINS CO,146.0,2017-06-02 12:10 America/Denver
20061102,3263,BIJOU CR. NR WIGGINS CO,143.0,2017-06-02 12:10 America/Denver
20061103,3263,BIJOU CR. NR WIGGINS CO,88.0,2017-06-02 12:10 America/Denver
20061104,3263,BIJOU CR. NR WIGGINS CO,12.0,2017-06-02 12:10 America/Denver
20061105,3263,BIJOU CR. NR WIGGINS CO,0.0,2017-06-02 12:10 America/Denver
20061106,3263,BIJOU CR. NR WIGGINS CO,0.0,2017-06-02 12:10 America/Denver
20061107,3263,BIJOU CR. NR WIGGINS CO,0.0,2017-06-02 12:10 America/Denver
20061108,3263,BIJOU CR. NR WIGGINS CO,0.0,2017-06-02 12:10 America/Denver
20061109,3263,BIJOU CR. NR WIGGINS CO,0.0,2017-06-02 12:10 America/Denver
20061110,3263,BIJOU CR. NR WIGGINS CO,0.0,2017-06-02 12:10 America/Denver
20061111,3263,BIJOU CR. NR WIGGINS CO,0.0,2017-06-02 12:10 America/Denver
20061112,3263,BIJOU CR. NR WIGGINS CO,0.0,2017-06-02 12:10 America/Denver
20061113,3263,BIJOU CR. NR WIGGINS CO,0.0,2017-06-02 12:10 America/Denver
20061114,3263,BIJOU CR. NR WIGGINS CO,0.0,2017-06-02 12:10 America/Denver
20061115,3263,BIJOU CR. NR WIGGINS CO,0.0,2017-06-02 12:10 America/Denver
20061116,3263,BIJOU CR. NR WIGGINS CO,35.0,2017-06-02 12:10 America/Denver
20061117,3263,BIJOU CR. NR WIGGINS CO,0.0,2017-06-02 12:10 America/Denver
20061118,3263,BIJOU CR. NR WIGGINS CO,0.0,2017-06-02 12:10 America/Denver
20061119,3263,BIJOU CR. NR WIGGINS CO,0.0,2017-06-02 12:10 America/Denver
20061120,3263,BIJOU CR. NR WIGGINS CO,0.0,2017-06-02 12:10 America/Denver
20061121,3263,BIJOU CR. NR WIGGINS CO,0.0,2017-06-02 12:10 America/Denver
20061122,3263,BIJOU CR. NR WIGGINS CO,0.0,2017-06-02 12:10 America/Denver
20061123,3263,BIJOU CR. NR WIGGINS CO,0.0,2017-06-02 12:10 America/Denver
20061124,3263,BIJOU CR. NR WIGGINS CO,0.0,2017-06-02 12:10 America/Denver
20061125,3263,BIJOU CR. NR WIGGINS CO,0.0,2017-06-02 12:10 America/Denver
20061126,3263,BIJOU CR. NR WIGGINS CO,0.0,2017-06-02 12:10 America/Denver
20061127,3263,BIJOU CR. NR WIGGINS CO,0.0,2017-06-02 12:10 America/Denver
20061128,3263,BIJOU CR. NR WIGGINS CO,0.0,2017-06-02 12:10 America/Denver
20061129,3263,BIJOU CR. NR WIGGINS CO,0.0,2017-06-02 12:10 America/Denver
20061130,3263,BIJOU CR. NR WIGGINS CO,10530.0,2017-06-02 12:10 America/Denver
20061201,3263,BIJOU CR. NR WIGGINS CO,9842.0,2017-06-02 12:10 America/Denver
20061202,3263,BIJOU CR. NR WIGGINS CO,17463.0,2017-06-02 12:10 America/Denver
20061203,3263,BIJOU CR. NR WIGGINS CO,25694.0,2017-06-02 12:10 America/Denver
20061204,3263,BIJOU CR. NR WIGGINS CO,25480.0,2017-06-02 12:10 America/Denver
20061205,3263,BIJOU CR. NR WIGGINS CO,19678.0,2017-06-02 12:10 America/Denver
20061206,3263,BIJOU CR. NR WIGGINS CO,2127.0,2017-06-02 12:10 America/Denver
20061207,3263,BIJOU CR. NR WIGGINS CO,1775.0,2017-06-02 12:10 America/Denver
20061208,3263,BIJOU CR. NR WIGGINS CO,1736.0,2017-06-02 12:10 America/Denver
20061209,3263,BIJOU CR. NR WIGGINS CO,2.0,2017-06-02 12:10 America/Denver
20061210,3263,BIJOU CR. NR WIGGINS CO,0.0,2017-06-02 12:10 America/Denver
20061211,3263,BIJOU CR. NR WIGGINS CO,0.0,2017-06-02 12:10 America/Denver
20061212,3263,BIJOU CR. NR WIGGINS CO,440.0,2017-06-02 12:10 America/Denver
20061213,3263,BIJOU CR. NR WIGGINS CO,0.0,2017-06-02 12:10 America/Denver
20061214,3263,BIJOU CR. NR WIGGINS CO,0.0,2017-06-02 12:10 America/Denver
20061215,3263,BIJOU CR. NR WIGGINS CO,0.0,2017-06-02 12:10 America/Denver
20061216,3263,BIJOU CR. NR WIGGINS CO,0.0,2017-06-02 12:10 America/Denver
20061217,3263,BIJOU CR. NR WIGGINS CO,0.0,2017-06-02 12:10 America/Denver
20061218,3263,BIJOU CR. NR WIGGINS CO,0.0,2017-06-02 12:10 America/Denver
20061219,3263,BIJOU CR. NR WIGGINS CO,0.0,2017-06-02 12:10 America/Denver
20061220,3263,BIJOU CR. NR WIGGINS CO,52.0,2017-06-02 12:10 America/Denver
20061221,3263,BIJOU CR. NR WIGGINS CO,111224.0,2017-06-02 12:10 America/Denver
20061222,3263,BIJOU CR. NR WIGGINS CO,142953.0,2017-06-02 12:10 America/Denver
20061223,3263,BIJOU CR. NR WIGGINS CO,141285.0,2017-06-02 12:10 America/Denver
20061224,3263,BIJOU CR. NR WIGGINS CO,140548.0,2017-06-02 12:10 America/Denver
20061225,3263,BIJOU CR. NR WIGGINS CO,138817.0,2017-06-02 12:10 America/Denver
20061226,3263,BIJOU CR. NR WIGGINS CO,135982.0,2017-06-02 12:10 America/Denver
20061227,3263,BIJOU CR. NR WIGGINS CO,130381.0,2017-06-02 12:10 America/Denver
20061228,3263,BIJOU CR. NR WIGGINS CO,127002.0,2017-06-02 12:10 America/Denver
20061229,3263,BIJOU CR. NR WIGGINS CO,139753.0,2017-06-02 12:10 America/Denver
20061230,3263,BIJOU CR. NR WIGGINS CO,162224.0,2017-06-02 12:10 America/Denver
20061231,3263,BIJOU CR. NR WIGGINS CO,162884.0,2017-06-02 12:10 America/Denver
20070101,3263,BIJOU CR. NR WIGGINS CO,160219.0,2017-06-02 12:10 America/Denver
20070102,3263,BIJOU CR. NR WIGGINS CO,158218.0,2017-06-02 12:10 America/Denver
20070103,3263,BIJOU CR. NR WIGGINS CO,155623.0,2017-06-02 12:10 America/Denver
20070104,3263,BIJOU CR. NR WIGGINS CO,128748.0,2017-06-02 12:10 America/Denver
20070105,3263,BIJOU CR. NR WIGGINS CO,72543.0,2017-06-02 12:10 America/Denver
20070106,3263,BIJOU CR. NR WIGGINS CO,93077.0,2017-06-02 12:10 America/Denver
20070107,3263,BIJOU CR. NR WIGGINS CO,89992.0,2017-06-02 12:10 America/Denver
20070108,3263,BIJOU CR. NR WIGGINS CO,86229.0,2017-06-02 12:10 America/Denver
20070109,3263,BIJOU CR. NR WIGGINS CO,179552.0,2017-06-02 12:10 America/Denver
20070110,3263,BIJOU CR. NR WIGGINS CO,176915.0,2017-06-02 12:10 America/Denver
20070111,3263,BIJOU CR. NR WIGGINS CO,162849.0,2017-06-02 12:10 America/Denver
20070112,3263,BIJOU CR. NR WIGGINS CO,159863.0,2017-06-02 12:10 America/Denver
20070113,3263,BIJOU CR. NR WIGGINS CO,193081.0,2017-06-02 12:10 America/Denver
20070114,3263,BIJOU CR. NR WIGGINS CO,193519.0,2017-06-02 12:10 America/Denver
20070115,3263,BIJOU CR. NR WIGGINS CO,211858.0,2017-06-02 12:10 America/Denver
20070116,3263,BIJOU CR. NR WIGGINS CO,211747.0,2017-06-02 12:10 America/Denver
20070117,3263,BIJOU CR. NR WIGGINS CO,210046.0,2017-06-02 12:10 America/Denver
20070118,3263,BIJOU CR. NR WIGGINS CO,206625.0,2017-06-02 12:10 America/Denver
20070119,3263,BIJOU CR. NR WIGGINS CO,204036.0,2017-06-02 12:10 America/Denver
20070120,3263,BIJOU CR. NR WIGGINS CO,202846.0,2017-06-02 12:10 America/Denver
20070121,3263,BIJOU CR. NR WIGGINS CO,218710.0,2017-06-02 12:10 America/Denver
20070122,3263,BIJOU CR. NR WIGGINS CO,245146.0,2017-06-02 12:10 America/Denver
20070123,3263,BIJOU CR. NR WIGGINS CO,245260.0,2017-06-02 12:10 America/Denver
20070124,3263,BIJOU CR. NR WIGGINS CO,243771.0,2017-06-02 12:10 America/Denver
20070125,3263,BIJOU CR. NR WIGGINS CO,243091.0,2017-06-02 12:10 America/Denver
20070126,3263,BIJOU CR. NR WIGGINS CO,240800.0,2017-06-02 12:10 America/Denver
20070127,3263,BIJOU CR. NR WIGGINS CO,237916.0,2017-06-02 12:10 America/Denver
20070128,3263,BIJOU CR. NR WIGGINS CO,239506.0,2017-06-02 12:10 America/Denver
20070129,3263,BIJOU CR. NR WIGGINS CO,238696.0,2017-06-02 12:10 America/Denver
20070130,3263,BIJOU CR. NR WIGGINS CO,238045.0,2017-06-02 12:10 America/Denver
20070131,3263,BIJOU CR. NR WIGGINS CO,238210.0,2017-06-02 12:10 America/Denver
20070201,3263,BIJOU CR. NR WIGGINS CO,240331.0,2017-06-02 12:10 America/Denver
20070202,3263,BIJOU CR. NR WIGGINS CO,245152.0,2017-06-02 12:10 America/Denver
20070203,3263,BIJOU CR. NR WIGGINS CO,242940.0,2017-06-02 12:10 America/Denver
20070204,3263,BIJOU CR. NR WIGGINS CO,241035.0,2017-06-02 12:10 America/Denver
20070205,3263,BIJOU CR. NR WIGGINS CO,239616.0,2017-06-02 12:10 America/Denver
20070206,3263,BIJOU CR. NR WIGGINS CO,231288.0,2017-06-02 12:10 America/Denver
20070207,3263,BIJOU CR. NR WIGGINS CO,205992.0,2017-06-02 12:10 America/Denver
20070208,3263,BIJOU CR. NR WIGGINS CO,202935.0,2017-06-02 12:10 America/Denver
20070209,3263,BIJOU CR. NR WIGGINS CO,202879.0,2017-06-02 12:10 America/Denver
20070210,3263,BIJOU CR. NR WIGGINS CO,202955.0,2017-06-02 12:10 America/Denver
20070211,3263,BIJOU CR. NR WIGGINS CO,200617.0,2017-06-02 12:10 America/Denver
20070212,3263,BIJOU CR. NR WIGGINS CO,173856.0,2017-06-02 12:10 America/Denver
20070213,3263,BIJOU CR. NR WIGGINS CO,178924.0,2017-06-02 12:10 America/Denver
20070214,3263,BIJOU CR. NR WIGGINS CO,,2017-06-02 12:10 America/Denver
20070215,3263,BIJOU CR. NR WIGGINS CO,208134.0,2017-06-02 12:10 America/Denver
20070216,3263,BIJOU CR. NR WIGGINS CO,211612.0,2017-06-02 12:10 America/Denver
20070217,3263,BIJOU CR. NR WIGGINS CO,192477.0,2017-06-02 12:10 America/Denver
20070218,3263,BIJOU CR. NR WIGGINS CO,190203.0,2017-06-02 12:10 America/Denver
20070219,3263,BIJOU CR. NR WIGGINS CO,166386.0,2017-06-02 12:10 America/Denver
20070220,3263,BIJOU CR. NR WIGGINS CO,128819.0,2017-06-02 12:10 America/Denver
20070221,3263,BIJOU CR. NR WIGGINS CO,115994.0,2017-06-02 12:10 America/Denver
20070222,3263,BIJOU CR. NR WIGGINS CO,90004.0,2017-06-02 12:10 America/Denver
20070223,3263,BIJOU CR. NR WIGGINS CO,74527.0,2017-06-02 12:10 America/Denver
20070224,3263,BIJOU CR. NR WIGGINS CO,22251.0,2017-06-02 12:10 America/Denver
20070225,3263,BIJOU CR. NR WIGGINS CO,67031.0,2017-06-02 12:10 America/Denver
20070226,3263,BIJOU CR. NR WIGGINS CO,65721.0,2017-06-02 12:10 America/Denver
20070227,3263,BIJOU CR. NR WIGGINS CO,44654.0,2017-06-02 12:10 America/Denver
20070228,3263,BIJOU CR. NR WIGGINS CO,33451.0,2017-06-02 12:10 America/Denver
20070301,3263,BIJOU CR. NR WIGGINS CO,40904.0,2017-06-02 12:10 America/Denver
20070302,3263,BIJOU CR. NR WIGGINS CO,36311.0,2017-06-02 12:10 America/Denver
20070303,3263,BIJOU CR. NR WIGGINS CO,33062.0,2017-06-02 12:10 America/Denver
20070304,3263,BIJOU CR. NR WIGGINS CO,31046.0,2017-06-02 12:10 America/Denver
20070305,3263,BIJOU CR. NR WIGGINS CO,25522.0,2017-06-02 12:10 America/Denver
20070306,3263,BIJOU CR. NR WIGGINS CO,10579.0,2017-06-02 12:10 America/Denver
20070307,3263,BIJOU CR. NR WIGGINS CO,4043.0,2017-06-02 12:10 America/Denver
20070308,3263,BIJOU CR. NR WIGGINS CO,2440.0,2017-06-02 12:10 America/Denver
20070309,3263,BIJOU CR. NR WIGGINS CO,1866.0,2017-06-02 12:10 America/Denver
20070310,3263,BIJOU CR. NR WIGGINS CO,1433.0,2017-06-02 12:10 America/Denver
20070311,3263,BIJOU CR. NR WIGGINS CO,1297.0,2017-06-02 12:10 America/Denver
20070312,3263,BIJOU CR. NR WIGGINS CO,909.0,2017-06-02 12:10 America/Denver
20070313,3263,BIJOU CR. NR WIGGINS CO,541.0,2017-06-02 12:10 America/Denver
20070314,3263,BIJOU CR. NR WIGGINS CO,205.0,2017-06-02 12:10 America/Denver
20070315,3263,BIJOU CR. NR WIGGINS CO,41.0,2017-06-02 12:10 America/Denver
20070316,3263,BIJOU CR. NR WIGGINS CO,34.0,2017-06-02 12:10 America/Denver
20070317,3263,BIJOU CR. NR WIGGINS CO,7.0,2017-06-02 12:10 America/Denver
20070318,3263,BIJOU CR. NR WIGGINS CO,0.0,2017-06-02 12:10 America/Denver
20070319,3263,BIJOU CR. NR WIGGINS CO,0.0,2017-06-02 12:10 America/Denver
20070320,3263,BIJOU CR. NR WIGGINS CO,0.0,2017-06-02 12:10 America/Denver
20070321,3263,BIJOU CR. NR WIGGINS CO,0.0,2017-06-02 12:10 America/Denver
20070322,3263,BIJOU CR. NR WIGGINS CO,0.0,2017-06-02 12:10 America/Denver
20070323,3263,BIJOU CR. NR WIGGINS CO,0.0,2017-06-02 12:10 America/Denver
20070324,3263,BIJOU CR. NR WIGGINS CO,0.0,2017-06-02 12:10 America/Denver
20070325,3263,BIJOU CR. NR WIGGINS CO,0.0,2017-06-02 12:10 America/Denver
20070326,3263,BIJOU CR. NR WIGGINS CO,,2017-06-02 12:10 America/Denver
20070327,3263,BIJOU CR. NR WIGGINS CO,0.0,2017-06-02 12:10 America/Denver
20070328,3263,BIJOU CR. NR WIGGINS CO,0.0,2017-06-02 12:10 America/Denver
20070329,3263,BIJOU CR. NR WIGGINS CO,0.0,2017-06-02 12:10 America/Denver
20070330,3263,BIJOU CR. NR WIGGINS CO,3242.0,2017-06-02 12:10 America/Denver
20070331,3263,BIJOU CR. NR WIGGINS CO,0.0,2017-06-02 12:10 America/Denver
20070401,3263,BIJOU CR. NR WIGGINS CO,0.0,2017-06-02 12:10 America/Denver
20070402,3263,BIJOU CR. NR WIGGINS CO,0.0,2017-06-02 12:10 America/Denver
20070403,3263,BIJOU CR. NR WIGGINS CO,0.0,2017-06-02 12:10 America/Denver
20070404,3263,BIJOU CR. NR WIGGINS CO,0.0,2017-06-02 12:10 America/Denver
20070405,3263,BIJOU CR. NR WIGGINS CO,0.0,2017-06-02 12:10 America/Denver
20070406,3263,BIJOU CR. NR WIGGINS CO,0.0,2017-06-02 12:10 America/Denver
20070407,3263,BIJOU CR. NR WIGGINS CO,1650.0,2017-06-02 12:10 America/Denver
20070408,3263,BIJOU CR. NR WIGGINS CO,6834.0,2017-06-02 12:10 America/Denver
20070409,3263,BIJOU CR. NR WIGGINS CO,14687.0,2017-06-02 12:10 America/Denver
20070410,3263,BIJOU CR. NR WIGGINS CO,0.0,2017-06-02 12:10 America/Denver
20070411,3263,BIJOU CR. NR WIGGINS CO,0.0,2017-06-02 12:10 America/Denver
20070412,3263,BIJOU CR. NR WIGGINS CO,0.0,2017-06-02 12:10 America/Denver
20070413,3263,BIJOU CR. NR WIGGINS CO,19566.0,2017-06-02 12:10 America/Denver
20070414,3263,BIJOU CR. NR WIGGINS CO,23580.0,2017-06-02 12:10 America/Denver
20070415,3263,BIJOU CR. NR WIGGINS CO,1950.0,2017-06-02 12:10 America/Denver
20070416,3263,BIJOU CR. NR WIGGINS CO,0.0,2017-06-02 12:10 America/Denver
20070417,3263,BIJOU CR. NR WIGGINS CO,0.0,2017-06-02 12:10 America/Denver
20070418,3263,BIJOU CR. NR WIGGINS CO,0.0,2017-06-02 12:10 America/Denver
20070419,3263,BIJOU CR. NR WIGGINS CO,0.0,2017-06-02 12:10 America/Denver
20070420,3263,BIJOU CR. NR WIGGINS CO,0.0,2017-06-02 12:10 America/Denver
20070421,3263,BIJOU CR. NR WIGGINS CO,0.0,2017-06-02 12:10 America/Denver
20070422,3263,BIJOU CR. NR WIGGINS CO,0.0,2017-06-02 12:10 America/Denver
20070423,3263,BIJOU CR. NR WIGGINS CO,0.0,2017-06-02 12:10 America/Denver
20070424,3263,BIJOU CR. NR WIGGINS CO,0.0,2017-06-02 12:10 America/Denver
20070425,3263,BIJOU CR. NR WIGGINS CO,46704.0,2017-06-02 12:10 America/Denver
20070426,3263,BIJOU CR. NR WIGGINS CO,5756.0,2017-06-02 12:10 America/Denver
20070427,3263,BIJOU CR. NR WIGGINS CO,150.0,2017-06-02 12:10 America/Denver
20070428,3263,BIJOU CR. NR WIGGINS CO,0.0,2017-06-02 12:10 America/Denver
20070429,3263,BIJOU CR. NR WIGGINS CO,0.0,2017-06-02 12:10 America/Denver
20070430,3263,BIJOU CR. NR WIGGINS CO,0.0,2017-06-02 12:10 America/Denver
20070501,3263,BIJOU CR. NR WIGGINS CO,0.0,2017-06-02 12:10 America/Denver
20070502,3263,BIJOU CR. NR WIGGINS CO,0.0,2017-06-02 12:10 America/Denver
20070503,3263,BIJOU CR. NR WIGGINS CO,0.0,2017-06-02 12:10 America/Denver
20070504,3263,BIJOU CR. NR WIGGINS CO,0.0,2017-06-02 12:10 America/Denver
20070505,3263,BIJOU CR. NR WIGGINS CO,0.0,2017-06-02 12:10 America/Denver
20070506,3263,BIJOU CR. NR WIGGINS CO,0.0,2017-06-02 12:10 America/Denver
20070507,3263,BIJOU CR. NR WIGGINS CO,0.0,2017-06-02 12:10 America/Denver
20070508,3263,BIJOU CR. NR WIGGINS CO,7.0,2017-06-02 12:10 America/Denver
20070509,3263,BIJOU CR. NR WIGGINS CO,0.0,2017-06-02 12:10 America/Denver
20070510,3263,BIJOU CR. NR WIGGINS CO,0.0,2017-06-02 12:10 America/Denver
20070511,3263,BIJOU CR. NR WIGGINS CO,0.0,2017-06-02 12:10 America/Denver
20070512,3263,BIJOU CR. NR WIGGINS CO,0.0,2017-06-02 12:10 America/Denver
20070513,3263,BIJOU CR. NR WIGGINS CO,0.0,2017-06-02 12:10 America/Denver
20070514,3263,BIJOU CR. NR WIGGINS CO,0.0,2017-06-02 12:10 America/Denver
20070515,3263,BIJOU CR. NR WIGGINS CO,0.0,2017-06-02 12:10 America/Denver
20070516,3263,BIJOU CR. NR WIGGINS CO,0.0,2017-06-02 12:10 America/Denver
20070517,3263,BIJOU CR. NR WIGGINS CO,0.0,2017-06-02 12:10 America/Denver
20070518,3263,BIJOU CR. NR WIGGINS CO,0.0,2017-06-02 12:10 America/Denver
20070519,3263,BIJOU CR. NR WIGGINS CO,0.0,2017-06-02 12:10 America/Denver
20070520,3263,BIJOU CR. NR WIGGINS CO,0.0,2017-06-02 12:10 America/Denver
20070521,3263,BIJOU CR. NR WIGGINS CO,0.0,2017-06-02 12:10 America/Denver
20070522,3263,BIJOU CR. NR WIGGINS CO,0.0,2017-06-02 12:10 America/Denver
20070523,3263,BIJOU CR. NR WIGGINS CO,0.0,2017-06-02 12:10 America/Denver
20070524,3263,BIJOU CR. NR WIGGINS CO,763.0,2017-06-02 12:10 America/Denver
20070525,3263,BIJOU CR. NR WIGGINS CO,0.0,2017-06-02 12:10 America/Denver
20070526,3263,BIJOU CR. NR WIGGINS CO,0.0,2017-06-02 12:10 America/Denver
20070527,3263,BIJOU CR. NR WIGGINS CO,0.0,2017-06-02 12:10 America/Denver
20070528,3263,BIJOU CR. NR WIGGINS CO,0.0,2017-06-02 12:10 America/Denver
20070529,3263,BIJOU CR. NR WIGGINS CO,0.0,2017-06-02 12:10 America/Denver
20070530,3263,BIJOU CR. NR WIGGINS CO,0.0,2017-06-02 12:10 America/Denver
20070531,3263,BIJOU CR. NR WIGGINS CO,0.0,2017-06-02 12:10 America/Denver
20070601,3263,BIJOU CR. NR WIGGINS CO,0.0,2017-06-02 12:10 America/Denver
20070602,3263,BIJOU CR. NR WIGGINS CO,0.0,2017-06-02 12:10 America/Denver
20070603,3263,BIJOU CR. NR WIGGINS CO,0.0,2017-06-02 12:10 America/Denver
20070604,3263,BIJOU CR. NR WIGGINS CO,0.0,2017-06-02 12:10 America/Denver
20070605,3263,BIJOU CR. NR WIGGINS CO,0.0,2017-06-02 12:10 America/Denver
20070606,3263,BIJOU CR. NR WIGGINS CO,0.0,2017-06-02 12:10 America/Denver
20070607,3263,BIJOU CR. NR WIGGINS CO,0.0,2017-06-02 12:10 America/Denver
20070608,3263,BIJOU CR. NR WIGGINS CO,0.0,2017-06-02 12:10 America/Denver
20070609,3263,BIJOU CR. NR WIGGINS CO,0.0,2017-06-02 12:10 America/Denver
20070610,3263,BIJOU CR. NR WIGGINS CO,0.0,2017-06-02 12:10 America/Denver
20070611,3263,BIJOU CR. NR WIGGINS CO,0.0,2017-06-02 12:10 America/Denver
20070612,3263,BIJOU CR. NR WIGGINS CO,0.0,2017-06-02 12:10 America/Denver
20070613,3263,BIJOU CR. NR WIGGINS CO,0.0,2017-06-02 12:10 America/Denver
20070614,3263,BIJOU CR. NR WIGGINS CO,0.0,2017-06-02 12:10 America/Denver
20070615,3263,BIJOU CR. NR WIGGINS CO,0.0,2017-06-02 12:10 America/Denver
20070616,3263,BIJOU CR. NR WIGGINS CO,0.0,2017-06-02 12:10 America/Denver
20070617,3263,BIJOU CR. NR WIGGINS CO,0.0,2017-06-02 12:10 America/Denver
20070618,3263,BIJOU CR. NR WIGGINS CO,0.0,2017-06-02 12:10 America/Denver
20070619,3263,BIJOU CR. NR WIGGINS CO,0.0,2017-06-02 12:10 America/Denver
20070620,3263,BIJOU CR. NR WIGGINS CO,0.0,2017-06-02 12:10 America/Denver
20070621,3263,BIJOU CR. NR WIGGINS CO,0.0,2017-06-02 12:10 America/Denver
20070622,3263,BIJOU CR. NR WIGGINS CO,0.0,2017-06-02 12:10 America/Denver
20070623,3263,BIJOU CR. NR WIGGINS CO,0.0,2017-06-02 12:10 America/Denver
20070624,3263,BIJOU CR. NR WIGGINS CO,0.0,2017-06-02 12:10 America/Denver
20070625,3263,BIJOU CR. NR WIGGINS CO,0.0,2017-06-02 12:10 America/Denver
20070626,3263,BIJOU CR. NR WIGGINS CO,0.0,2017-06-02 12:10 America/Denver
20070627,3263,BIJOU CR. NR WIGGINS CO,0.0,2017-06-02 12:10 America/Denver
20070628,3263,BIJOU CR. NR WIGGINS CO,0.0,2017-06-02 12:10 America/Denver
20070629,3263,BIJOU CR. NR WIGGINS CO,0.0,2017-06-02 12:10 America/Denver
20070630,3263,BIJOU CR. NR WIGGINS CO,0.0,2017-06-02 12:10 America/Denver
20070701,3263,BIJOU CR. NR WIGGINS CO,0.0,2017-06-02 12:10 America/Denver
20070702,3263,BIJOU CR. NR WIGGINS CO,0.0,2017-06-02 12:10 America/Denver
20070703,3263,BIJOU CR. NR WIGGINS CO,0.0,2017-06-02 12:10 America/Denver
20070704,3263,BIJOU CR. NR WIGGINS CO,0.0,2017-06-02 12:10 America/Denver
20070705,3263,BIJOU CR. NR WIGGINS CO,0.0,2017-06-02 12:10 America/Denver
20070706,3263,BIJOU CR. NR WIGGINS CO,0.0,2017-06-02 12:10 America/Denver
20070707,3263,BIJOU CR. NR WIGGINS CO,0.0,2017-06-02 12:10 America/Denver
20070708,3263,BIJOU CR. NR WIGGINS CO,0.0,2017-06-02 12:10 America/Denver
20070709,3263,BIJOU CR. NR WIGGINS CO,0.0,2017-06-02 12:10 America/Denver
20070710,3263,BIJOU CR. NR WIGGINS CO,0.0,2017-06-02 12:10 America/Denver
20070711,3263,BIJOU CR. NR WIGGINS CO,0.0,2017-06-02 12:10 America/Denver
20070712,3263,BIJOU CR. NR WIGGINS CO,0.0,2017-06-02 12:10 America/Denver
20070713,3263,BIJOU CR. NR WIGGINS CO,0.0,2017-06-02 12:10 America/Denver
20070714,3263,BIJOU CR. NR WIGGINS CO,0.0,2017-06-02 12:10 America/Denver
20070715,3263,BIJOU CR. NR WIGGINS CO,0.0,2017-06-02 12:10 America/Denver
20070716,3263,BIJOU CR. NR WIGGINS CO,0.0,2017-06-02 12:10 America/Denver
20070717,3263,BIJOU CR. NR WIGGINS CO,0.0,2017-06-02 12:10 America/Denver
20070718,3263,BIJOU CR. NR WIGGINS CO,0.0,2017-06-02 12:10 America/Denver
20070719,3263,BIJOU CR. NR WIGGINS CO,0.0,2017-06-02 12:10 America/Denver
20070720,3263,BIJOU CR. NR WIGGINS CO,0.0,2017-06-02 12:10 America/Denver
20070721,3263,BIJOU CR. NR WIGGINS CO,0.0,2017-06-02 12:10 America/Denver
20070722,3263,BIJOU CR. NR WIGGINS CO,0.0,2017-06-02 12:10 America/Denver
20070723,3263,BIJOU CR. NR WIGGINS CO,0.0,2017-06-02 12:10 America/Denver
20070724,3263,BIJOU CR. NR WIGGINS CO,0.0,2017-06-02 12:10 America/Denver
20070725,3263,BIJOU CR. NR WIGGINS CO,0.0,2017-06-02 12:10 America/Denver
20070726,3263,BIJOU CR. NR WIGGINS CO,0.0,2017-06-02 12:10 America/Denver
20070727,3263,BIJOU CR. NR WIGGINS CO,0.0,2017-06-02 12:10 America/Denver
20070728,3263,BIJOU CR. NR WIGGINS CO,0.0,2017-06-02 12:10 America/Denver
20070729,3263,BIJOU CR. NR WIGGINS CO,0.0,2017-06-02 12:10 America/Denver
20070730,3263,BIJOU CR. NR WIGGINS CO,0.0,2017-06-02 12:10 America/Denver
20070731,3263,BIJOU CR. NR WIGGINS CO,0.0,2017-06-02 12:10 America/Denver
20070801,3263,BIJOU CR. NR WIGGINS CO,0.0,2017-06-02 12:10 America/Denver
20070802,3263,BIJOU CR. NR WIGGINS CO,0.0,2017-06-02 12:10 America/Denver
20070803,3263,BIJOU CR. NR WIGGINS CO,0.0,2017-06-02 12:10 America/Denver
20070804,3263,BIJOU CR. NR WIGGINS CO,0.0,2017-06-02 12:10 America/Denver
20070805,3263,BIJOU CR. NR WIGGINS CO,0.0,2017-06-02 12:10 America/Denver
20070806,3263,BIJOU CR. NR WIGGINS CO,0.0,2017-06-02 12:10 America/Denver
20070807,3263,BIJOU CR. NR WIGGINS CO,0.0,2017-06-02 12:10 America/Denver
20070808,3263,BIJOU CR. NR WIGGINS CO,0.0,2017-06-02 12:10 America/Denver
20070809,3263,BIJOU CR. NR WIGGINS CO,0.0,2017-06-02 12:10 America/Denver
20070810,3263,BIJOU CR. NR WIGGINS CO,0.0,2017-06-02 12:10 America/Denver
20070811,3263,BIJOU CR. NR WIGGINS CO,0.0,2017-06-02 12:10 America/Denver
20070812,3263,BIJOU CR. NR WIGGINS CO,0.0,2017-06-02 12:10 America/Denver
20070813,3263,BIJOU CR. NR WIGGINS CO,0.0,2017-06-02 12:10 America/Denver
20070814,3263,BIJOU CR. NR WIGGINS CO,0.0,2017-06-02 12:10 America/Denver
20070815,3263,BIJOU CR. NR WIGGINS CO,0.0,2017-06-02 12:10 America/Denver
20070816,3263,BIJOU CR. NR WIGGINS CO,0.0,2017-06-02 12:10 America/Denver
20070817,3263,BIJOU CR. NR WIGGINS CO,0.0,2017-06-02 12:10 America/Denver
20070818,3263,BIJOU CR. NR WIGGINS CO,0.0,2017-06-02 12:10 America/Denver
20070819,3263,BIJOU CR. NR WIGGINS CO,0.0,2017-06-02 12:10 America/Denver
20070820,3263,BIJOU CR. NR WIGGINS CO,0.0,2017-06-02 12:10 America/Denver
20070821,3263,BIJOU CR. NR WIGGINS CO,0.0,2017-06-02 12:10 America/Denver
20070822,3263,BIJOU CR. NR WIGGINS CO,0.0,2017-06-02 12:10 America/Denver
20070823,3263,BIJOU CR. NR WIGGINS CO,0.0,2017-06-02 12:10 America/Denver
20070824,3263,BIJOU CR. NR WIGGINS CO,0.0,2017-06-02 12:10 America/Denver
20070825,3263,BIJOU CR. NR WIGGINS CO,0.0,2017-06-02 12:10 America/Denver
20070826,3263,BIJOU CR. NR WIGGINS CO,0.0,2017-06-02 12:10 America/Denver
20070827,3263,BIJOU CR. NR WIGGINS CO,0.0,2017-06-02 12:10 America/Denver
20070828,3263,BIJOU CR. NR WIGGINS CO,0.0,2017-06-02 12:10 America/Denver
20070829,3263,BIJOU CR. NR WIGGINS CO,0.0,2017-06-02 12:10 America/Denver
20070830,3263,BIJOU CR. NR WIGGINS CO,0.0,2017-06-02 12:10 America/Denver
20070831,3263,BIJOU CR. NR WIGGINS CO,0.0,2017-06-02 12:10 America/Denver
20070901,3263,BIJOU CR. NR WIGGINS CO,0.0,2017-06-02 12:10 America/Denver
20070902,3263,BIJOU CR. NR WIGGINS CO,0.0,2017-06-02 12:10 America/Denver
20070903,3263,BIJOU CR. NR WIGGINS CO,0.0,2017-06-02 12:10 America/Denver
20070904,3263,BIJOU CR. NR WIGGINS CO,0.0,2017-06-02 12:10 America/Denver
20070905,3263,BIJOU CR. NR WIGGINS CO,0.0,2017-06-02 12:10 America/Denver
20070906,3263,BIJOU CR. NR WIGGINS CO,0.0,2017-06-02 12:10 America/Denver
20070907,3263,BIJOU CR. NR WIGGINS CO,0.0,2017-06-02 12:10 America/Denver
20070908,3263,BIJOU CR. NR WIGGINS CO,0.0,2017-06-02 12:10 America/Denver
20070909,3263,BIJOU CR. NR WIGGINS CO,0.0,2017-06-02 12:10 America/Denver
20070910,3263,BIJOU CR. NR WIGGINS CO,0.0,2017-06-02 12:10 America/Denver
20070911,3263,BIJOU CR. NR WIGGINS CO,0.0,2017-06-02 12:10 America/Denver
20070912,3263,BIJOU CR. NR WIGGINS CO,0.0,2017-06-02 12:10 America/Denver
20070913,3263,BIJOU CR. NR WIGGINS CO,0.0,2017-06-02 12:10 America/Denver
20070914,3263,BIJOU CR. NR WIGGINS CO,0.0,2017-06-02 12:10 America/Denver
20070915,3263,BIJOU CR. NR WIGGINS CO,0.0,2017-06-02 12:10 America/Denver
20070916,3263,BIJOU CR. NR WIGGINS CO,0.0,2017-06-02 12:10 America/Denver
20070917,3263,BIJOU CR. NR WIGGINS CO,0.0,2017-06-02 12:10 America/Denver
20070918,3263,BIJOU CR. NR WIGGINS CO,0.0,2017-06-02 12:10 America/Denver
20070919,3263,BIJOU CR. NR WIGGINS CO,0.0,2017-06-02 12:10 America/Denver
20070920,3263,BIJOU CR. NR WIGGINS CO,0.0,2017-06-02 12:10 America/Denver
20070921,3263,BIJOU CR. NR WIGGINS CO,0.0,2017-06-02 12:10 America/Denver
20070922,3263,BIJOU CR. NR WIGGINS CO,0.0,2017-06-02 12:10 America/Denver
20070923,3263,BIJOU CR. NR WIGGINS CO,0.0,2017-06-02 12:10 America/Denver
20070924,3263,BIJOU CR. NR WIGGINS CO,0.0,2017-06-02 12:10 America/Denver
20070925,3263,BIJOU CR. NR WIGGINS CO,0.0,2017-06-02 12:10 America/Denver
20070926,3263,BIJOU CR. NR WIGGINS CO,0.0,2017-06-02 12:10 America/Denver
20070927,3263,BIJOU CR. NR WIGGINS CO,0.0,2017-06-02 12:10 America/Denver
20070928,3263,BIJOU CR. NR WIGGINS CO,0.0,2017-06-02 12:10 America/Denver
20070929,3263,BIJOU CR. NR WIGGINS CO,0.0,2017-06-02 12:10 America/Denver
20070930,3263,BIJOU CR. NR WIGGINS CO,0.0,2017-06-02 12:10 America/Denver
20071001,3263,BIJOU CR. NR WIGGINS CO,0.0,2017-06-02 12:10 America/Denver
20071002,3263,BIJOU CR. NR WIGGINS CO,0.0,2017-06-02 12:10 America/Denver
20071003,3263,BIJOU CR. NR WIGGINS CO,0.0,2017-06-02 12:10 America/Denver
20071004,3263,BIJOU CR. NR WIGGINS CO,0.0,2017-06-02 12:10 America/Denver
20071005,3263,BIJOU CR. NR WIGGINS CO,0.0,2017-06-02 12:10 America/Denver
20071006,3263,BIJOU CR. NR WIGGINS CO,0.0,2017-06-02 12:10 America/Denver
20071007,3263,BIJOU CR. NR WIGGINS CO,0.0,2017-06-02 12:10 America/Denver
20071008,3263,BIJOU CR. NR WIGGINS CO,0.0,2017-06-02 12:10 America/Denver
20071009,3263,BIJOU CR. NR WIGGINS CO,0.0,2017-06-02 12:10 America/Denver
20071010,3263,BIJOU CR. NR WIGGINS CO,0.0,2017-06-02 12:10 America/Denver
20071011,3263,BIJOU CR. NR WIGGINS CO,0.0,2017-06-02 12:10 America/Denver
20071012,3263,BIJOU CR. NR WIGGINS CO,0.0,2017-06-02 12:10 America/Denver
20071013,3263,BIJOU CR. NR WIGGINS CO,0.0,2017-06-02 12:10 America/Denver
20071014,3263,BIJOU CR. NR WIGGINS CO,0.0,2017-06-02 12:10 America/Denver
20071015,3263,BIJOU CR. NR WIGGINS CO,0.0,2017-06-02 12:10 America/Denver
20071016,3263,BIJOU CR. NR WIGGINS CO,0.0,2017-06-02 12:10 America/Denver
20071017,3263,BIJOU CR. NR WIGGINS CO,0.0,2017-06-02 12:10 America/Denver
20071018,3263,BIJOU CR. NR WIGGINS CO,0.0,2017-06-02 12:10 America/Denver
20071019,3263,BIJOU CR. NR WIGGINS CO,0.0,2017-06-02 12:10 America/Denver
20071020,3263,BIJOU CR. NR WIGGINS CO,0.0,2017-06-02 12:10 America/Denver
20071021,3263,BIJOU CR. NR WIGGINS CO,0.0,2017-06-02 12:10 America/Denver
20071022,3263,BIJOU CR. NR WIGGINS CO,2661.0,2017-06-02 12:10 America/Denver
20071023,3263,BIJOU CR. NR WIGGINS CO,1535.0,2017-06-02 12:10 America/Denver
20071024,3263,BIJOU CR. NR WIGGINS CO,0.0,2017-06-02 12:10 America/Denver
20071025,3263,BIJOU CR. NR WIGGINS CO,0.0,2017-06-02 12:10 America/Denver
20071026,3263,BIJOU CR. NR WIGGINS CO,0.0,2017-06-02 12:10 America/Denver
20071027,3263,BIJOU CR. NR WIGGINS CO,0.0,2017-06-02 12:10 America/Denver
20071028,3263,BIJOU CR. NR WIGGINS CO,0.0,2017-06-02 12:10 America/Denver
20071029,3263,BIJOU CR. NR WIGGINS CO,0.0,2017-06-02 12:10 America/Denver
20071030,3263,BIJOU CR. NR WIGGINS CO,0.0,2017-06-02 12:10 America/Denver
20071031,3263,BIJOU CR. NR WIGGINS CO,0.0,2017-06-02 12:10 America/Denver
20071101,3263,BIJOU CR. NR WIGGINS CO,0.0,2017-06-02 12:10 America/Denver
20071102,3263,BIJOU CR. NR WIGGINS CO,0.0,2017-06-02 12:10 America/Denver
20071103,3263,BIJOU CR. NR WIGGINS CO,0.0,2017-06-02 12:10 America/Denver
20071104,3263,BIJOU CR. NR WIGGINS CO,0.0,2017-06-02 12:10 America/Denver
20071105,3263,BIJOU CR. NR WIGGINS CO,0.0,2017-06-02 12:10 America/Denver
20071106,3263,BIJOU CR. NR WIGGINS CO,0.0,2017-06-02 12:10 America/Denver
20071107,3263,BIJOU CR. NR WIGGINS CO,0.0,2017-06-02 12:10 America/Denver
20071108,3263,BIJOU CR. NR WIGGINS CO,0.0,2017-06-02 12:10 America/Denver
20071109,3263,BIJOU CR. NR WIGGINS CO,0.0,2017-06-02 12:10 America/Denver
20071110,3263,BIJOU CR. NR WIGGINS CO,0.0,2017-06-02 12:10 America/Denver
20071111,3263,BIJOU CR. NR WIGGINS CO,0.0,2017-06-02 12:10 America/Denver
20071112,3263,BIJOU CR. NR WIGGINS CO,0.0,2017-06-02 12:10 America/Denver
20071113,3263,BIJOU CR. NR WIGGINS CO,0.0,2017-06-02 12:10 America/Denver
20071114,3263,BIJOU CR. NR WIGGINS CO,0.0,2017-06-02 12:10 America/Denver
20071115,3263,BIJOU CR. NR WIGGINS CO,0.0,2017-06-02 12:10 America/Denver
20071116,3263,BIJOU CR. NR WIGGINS CO,0.0,2017-06-02 12:10 America/Denver
20071117,3263,BIJOU CR. NR WIGGINS CO,0.0,2017-06-02 12:10 America/Denver
20071118,3263,BIJOU CR. NR WIGGINS CO,0.0,2017-06-02 12:10 America/Denver
20071119,3263,BIJOU CR. NR WIGGINS CO,0.0,2017-06-02 12:10 America/Denver
20071120,3263,BIJOU CR. NR WIGGINS CO,0.0,2017-06-02 12:10 America/Denver
20071121,3263,BIJOU CR. NR WIGGINS CO,0.0,2017-06-02 12:10 America/Denver
20071122,3263,BIJOU CR. NR WIGGINS CO,12604.0,2017-06-02 12:10 America/Denver
20071123,3263,BIJOU CR. NR WIGGINS CO,13062.0,2017-06-02 12:10 America/Denver
20071124,3263,BIJOU CR. NR WIGGINS CO,22112.0,2017-06-02 12:10 America/Denver
20071125,3263,BIJOU CR. NR WIGGINS CO,21010.0,2017-06-02 12:10 America/Denver
20071126,3263,BIJOU CR. NR WIGGINS CO,4917.0,2017-06-02 12:10 America/Denver
20071127,3263,BIJOU CR. NR WIGGINS CO,3370.0,2017-06-02 12:10 America/Denver
20071128,3263,BIJOU CR. NR WIGGINS CO,0.0,2017-06-02 12:10 America/Denver
20071129,3263,BIJOU CR. NR WIGGINS CO,0.0,2017-06-02 12:10 America/Denver
20071130,3263,BIJOU CR. NR WIGGINS CO,0.0,2017-06-02 12:10 America/Denver
20071201,3263,BIJOU CR. NR WIGGINS CO,0.0,2017-06-02 12:10 America/Denver
20071202,3263,BIJOU CR. NR WIGGINS CO,0.0,2017-06-02 12:10 America/Denver
20071203,3263,BIJOU CR. NR WIGGINS CO,0.0,2017-06-02 12:10 America/Denver
20071204,3263,BIJOU CR. NR WIGGINS CO,0.0,2017-06-02 12:10 America/Denver
20071205,3263,BIJOU CR. NR WIGGINS CO,0.0,2017-06-02 12:10 America/Denver
20071206,3263,BIJOU CR. NR WIGGINS CO,0.0,2017-06-02 12:10 America/Denver
20071207,3263,BIJOU CR. NR WIGGINS CO,0.0,2017-06-02 12:10 America/Denver
20071208,3263,BIJOU CR. NR WIGGINS CO,474.0,2017-06-02 12:10 America/Denver
20071209,3263,BIJOU CR. NR WIGGINS CO,21944.0,2017-06-02 12:10 America/Denver
20071210,3263,BIJOU CR. NR WIGGINS CO,24876.0,2017-06-02 12:10 America/Denver
20071211,3263,BIJOU CR. NR WIGGINS CO,22753.0,2017-06-02 12:10 America/Denver
20071212,3263,BIJOU CR. NR WIGGINS CO,34696.0,2017-06-02 12:10 America/Denver
20071213,3263,BIJOU CR. NR WIGGINS CO,34737.0,2017-06-02 12:10 America/Denver
20071214,3263,BIJOU CR. NR WIGGINS CO,35533.0,2017-06-02 12:10 America/Denver
20071215,3263,BIJOU CR. NR WIGGINS CO,44543.0,2017-06-02 12:10 America/Denver
20071216,3263,BIJOU CR. NR WIGGINS CO,45223.0,2017-06-02 12:10 America/Denver
20071217,3263,BIJOU CR. NR WIGGINS CO,42835.0,2017-06-02 12:10 America/Denver
20071218,3263,BIJOU CR. NR WIGGINS CO,35726.0,2017-06-02 12:10 America/Denver
20071219,3263,BIJOU CR. NR WIGGINS CO,32466.0,2017-06-02 12:10 America/Denver
20071220,3263,BIJOU CR. NR WIGGINS CO,29428.0,2017-06-02 12:10 America/Denver
20071221,3263,BIJOU CR. NR WIGGINS CO,19978.0,2017-06-02 12:10 America/Denver
20071222,3263,BIJOU CR. NR WIGGINS CO,22879.0,2017-06-02 12:10 America/Denver
20071223,3263,BIJOU CR. NR WIGGINS CO,23239.0,2017-06-02 12:10 America/Denver
20071224,3263,BIJOU CR. NR WIGGINS CO,20735.0,2017-06-02 12:10 America/Denver
20071225,3263,BIJOU CR. NR WIGGINS CO,16607.0,2017-06-02 12:10 America/Denver
20071226,3263,BIJOU CR. NR WIGGINS CO,35890.0,2017-06-02 12:10 America/Denver
20071227,3263,BIJOU CR. NR WIGGINS CO,45156.0,2017-06-02 12:10 America/Denver
20071228,3263,BIJOU CR. NR WIGGINS CO,73679.0,2017-06-02 12:10 America/Denver
20071229,3263,BIJOU CR. NR WIGGINS CO,74271.0,2017-06-02 12:10 America/Denver
20071230,3263,BIJOU CR. NR WIGGINS CO,70814.0,2017-06-02 12:10 America/Denver
20071231,3263,BIJOU CR. NR WIGGINS CO,67201.0,2017-06-02 12:10 America/Denver
20080101,3263,BIJOU CR. NR WIGGINS CO,63366.0,2017-06-02 12:10 America/Denver
20080102,3263,BIJOU CR. NR WIGGINS CO,61260.0,2017-06-02 12:10 America/Denver
20080103,3263,BIJOU CR. NR WIGGINS CO,57239.0,2017-06-02 12:10 America/Denver
20080104,3263,BIJOU CR. NR WIGGINS CO,33810.0,2017-06-02 12:10 America/Denver
20080105,3263,BIJOU CR. NR WIGGINS CO,15510.0,2017-06-02 12:10 America/Denver
20080106,3263,BIJOU CR. NR WIGGINS CO,4048.0,2017-06-02 12:10 America/Denver
20080107,3263,BIJOU CR. NR WIGGINS CO,3814.0,2017-06-02 12:10 America/Denver
20080108,3263,BIJOU CR. NR WIGGINS CO,8108.0,2017-06-02 12:10 America/Denver
20080109,3263,BIJOU CR. NR WIGGINS CO,6818.0,2017-06-02 12:10 America/Denver
20080110,3263,BIJOU CR. NR WIGGINS CO,22733.0,2017-06-02 12:10 America/Denver
20080111,3263,BIJOU CR. NR WIGGINS CO,21486.0,2017-06-02 12:10 America/Denver
20080112,3263,BIJOU CR. NR WIGGINS CO,18882.0,2017-06-02 12:10 America/Denver
20080113,3263,BIJOU CR. NR WIGGINS CO,16687.0,2017-06-02 12:10 America/Denver
20080114,3263,BIJOU CR. NR WIGGINS CO,15654.0,2017-06-02 12:10 America/Denver
20080115,3263,BIJOU CR. NR WIGGINS CO,13178.0,2017-06-02 12:10 America/Denver
20080116,3263,BIJOU CR. NR WIGGINS CO,7782.0,2017-06-02 12:10 America/Denver
20080117,3263,BIJOU CR. NR WIGGINS CO,8489.0,2017-06-02 12:10 America/Denver
20080118,3263,BIJOU CR. NR WIGGINS CO,7949.0,2017-06-02 12:10 America/Denver
20080119,3263,BIJOU CR. NR WIGGINS CO,11548.0,2017-06-02 12:10 America/Denver
20080120,3263,BIJOU CR. NR WIGGINS CO,11632.0,2017-06-02 12:10 America/Denver
20080121,3263,BIJOU CR. NR WIGGINS CO,10704.0,2017-06-02 12:10 America/Denver
20080122,3263,BIJOU CR. NR WIGGINS CO,11511.0,2017-06-02 12:10 America/Denver
20080123,3263,BIJOU CR. NR WIGGINS CO,11379.0,2017-06-02 12:10 America/Denver
20080124,3263,BIJOU CR. NR WIGGINS CO,10710.0,2017-06-02 12:10 America/Denver
20080125,3263,BIJOU CR. NR WIGGINS CO,9568.0,2017-06-02 12:10 America/Denver
20080126,3263,BIJOU CR. NR WIGGINS CO,5412.0,2017-06-02 12:10 America/Denver
20080127,3263,BIJOU CR. NR WIGGINS CO,3606.0,2017-06-02 12:10 America/Denver
20080128,3263,BIJOU CR. NR WIGGINS CO,408.0,2017-06-02 12:10 America/Denver
20080129,3263,BIJOU CR. NR WIGGINS CO,0.0,2017-06-02 12:10 America/Denver
20080130,3263,BIJOU CR. NR WIGGINS CO,559.0,2017-06-02 12:10 America/Denver
20080131,3263,BIJOU CR. NR WIGGINS CO,12848.0,2017-06-02 12:10 America/Denver
20080201,3263,BIJOU CR. NR WIGGINS CO,14142.0,2017-06-02 12:10 America/Denver
20080202,3263,BIJOU CR. NR WIGGINS CO,16300.0,2017-06-02 12:10 America/Denver
20080203,3263,BIJOU CR. NR WIGGINS CO,19588.0,2017-06-02 12:10 America/Denver
20080204,3263,BIJOU CR. NR WIGGINS CO,15731.0,2017-06-02 12:10 America/Denver
20080205,3263,BIJOU CR. NR WIGGINS CO,30749.0,2017-06-02 12:10 America/Denver
20080206,3263,BIJOU CR. NR WIGGINS CO,57233.0,2017-06-02 12:10 America/Denver
20080207,3263,BIJOU CR. NR WIGGINS CO,55108.0,2017-06-02 12:10 America/Denver
20080208,3263,BIJOU CR. NR WIGGINS CO,52039.0,2017-06-02 12:10 America/Denver
20080209,3263,BIJOU CR. NR WIGGINS CO,47456.0,2017-06-02 12:10 America/Denver
20080210,3263,BIJOU CR. NR WIGGINS CO,33637.0,2017-06-02 12:10 America/Denver
20080211,3263,BIJOU CR. NR WIGGINS CO,25526.0,2017-06-02 12:10 America/Denver
20080212,3263,BIJOU CR. NR WIGGINS CO,14853.0,2017-06-02 12:10 America/Denver
20080213,3263,BIJOU CR. NR WIGGINS CO,14266.0,2017-06-02 12:10 America/Denver
20080214,3263,BIJOU CR. NR WIGGINS CO,6839.0,2017-06-02 12:10 America/Denver
20080215,3263,BIJOU CR. NR WIGGINS CO,11934.0,2017-06-02 12:10 America/Denver
20080216,3263,BIJOU CR. NR WIGGINS CO,12077.0,2017-06-02 12:10 America/Denver
20080217,3263,BIJOU CR. NR WIGGINS CO,5281.0,2017-06-02 12:10 America/Denver
20080218,3263,BIJOU CR. NR WIGGINS CO,8167.0,2017-06-02 12:10 America/Denver
20080219,3263,BIJOU CR. NR WIGGINS CO,6440.0,2017-06-02 12:10 America/Denver
20080220,3263,BIJOU CR. NR WIGGINS CO,2953.0,2017-06-02 12:10 America/Denver
20080221,3263,BIJOU CR. NR WIGGINS CO,2735.0,2017-06-02 12:10 America/Denver
20080222,3263,BIJOU CR. NR WIGGINS CO,1931.0,2017-06-02 12:10 America/Denver
20080223,3263,BIJOU CR. NR WIGGINS CO,1006.0,2017-06-02 12:10 America/Denver
20080224,3263,BIJOU CR. NR WIGGINS CO,294.0,2017-06-02 12:10 America/Denver
20080225,3263,BIJOU CR. NR WIGGINS CO,0.0,2017-06-02 12:10 America/Denver
20080226,3263,BIJOU CR. NR WIGGINS CO,10636.0,2017-06-02 12:10 America/Denver
20080227,3263,BIJOU CR. NR WIGGINS CO,14347.0,2017-06-02 12:10 America/Denver
20080228,3263,BIJOU CR. NR WIGGINS CO,1628.0,2017-06-02 12:10 America/Denver
20080229,3263,BIJOU CR. NR WIGGINS CO,0.0,2017-06-02 12:10 America/Denver
20080301,3263,BIJOU CR. NR WIGGINS CO,0.0,2017-06-02 12:10 America/Denver
20080302,3263,BIJOU CR. NR WIGGINS CO,0.0,2017-06-02 12:10 America/Denver
20080303,3263,BIJOU CR. NR WIGGINS CO,38707.0,2017-06-02 12:10 America/Denver
20080304,3263,BIJOU CR. NR WIGGINS CO,36101.0,2017-06-02 12:10 America/Denver
20080305,3263,BIJOU CR. NR WIGGINS CO,9735.0,2017-06-02 12:10 America/Denver
20080306,3263,BIJOU CR. NR WIGGINS CO,25673.0,2017-06-02 12:10 America/Denver
20080307,3263,BIJOU CR. NR WIGGINS CO,24467.0,2017-06-02 12:10 America/Denver
20080308,3263,BIJOU CR. NR WIGGINS CO,20891.0,2017-06-02 12:10 America/Denver
20080309,3263,BIJOU CR. NR WIGGINS CO,13395.0,2017-06-02 12:10 America/Denver
20080310,3263,BIJOU CR. NR WIGGINS CO,10697.0,2017-06-02 12:10 America/Denver
20080311,3263,BIJOU CR. NR WIGGINS CO,3457.0,2017-06-02 12:10 America/Denver
20080312,3263,BIJOU CR. NR WIGGINS CO,0.0,2017-06-02 12:10 America/Denver
20080313,3263,BIJOU CR. NR WIGGINS CO,,2017-06-02 12:10 America/Denver
20080314,3263,BIJOU CR. NR WIGGINS CO,0.0,2017-06-02 12:10 America/Denver
20080315,3263,BIJOU CR. NR WIGGINS CO,178.0,2017-06-02 12:10 America/Denver
20080316,3263,BIJOU CR. NR WIGGINS CO,172.0,2017-06-02 12:10 America/Denver
20080317,3263,BIJOU CR. NR WIGGINS CO,4995.0,2017-06-02 12:10 America/Denver
20080318,3263,BIJOU CR. NR WIGGINS CO,19675.0,2017-06-02 12:10 America/Denver
20080319,3263,BIJOU CR. NR WIGGINS CO,9330.0,2017-06-02 12:10 America/Denver
20080320,3263,BIJOU CR. NR WIGGINS CO,48.0,2017-06-02 12:10 America/Denver
20080321,3263,BIJOU CR. NR WIGGINS CO,0.0,2017-06-02 12:10 America/Denver
20080322,3263,BIJOU CR. NR WIGGINS CO,0.0,2017-06-02 12:10 America/Denver
20080323,3263,BIJOU CR. NR WIGGINS CO,1036.0,2017-06-02 12:10 America/Denver
20080324,3263,BIJOU CR. NR WIGGINS CO,189.0,2017-06-02 12:10 America/Denver
20080325,3263,BIJOU CR. NR WIGGINS CO,0.0,2017-06-02 12:10 America/Denver
20080326,3263,BIJOU CR. NR WIGGINS CO,0.0,2017-06-02 12:10 America/Denver
20080327,3263,BIJOU CR. NR WIGGINS CO,0.0,2017-06-02 12:10 America/Denver
20080328,3263,BIJOU CR. NR WIGGINS CO,4269.0,2017-06-02 12:10 America/Denver
20080329,3263,BIJOU CR. NR WIGGINS CO,141.0,2017-06-02 12:10 America/Denver
20080330,3263,BIJOU CR. NR WIGGINS CO,0.0,2017-06-02 12:10 America/Denver
20080331,3263,BIJOU CR. NR WIGGINS CO,0.0,2017-06-02 12:10 America/Denver
20080401,3263,BIJOU CR. NR WIGGINS CO,2772.0,2017-06-02 12:10 America/Denver
20080402,3263,BIJOU CR. NR WIGGINS CO,689.0,2017-06-02 12:10 America/Denver
20080403,3263,BIJOU CR. NR WIGGINS CO,0.0,2017-06-02 12:10 America/Denver
20080404,3263,BIJOU CR. NR WIGGINS CO,0.0,2017-06-02 12:10 America/Denver
20080405,3263,BIJOU CR. NR WIGGINS CO,0.0,2017-06-02 12:10 America/Denver
20080406,3263,BIJOU CR. NR WIGGINS CO,0.0,2017-06-02 12:10 America/Denver
20080407,3263,BIJOU CR. NR WIGGINS CO,0.0,2017-06-02 12:10 America/Denver
20080408,3263,BIJOU CR. NR WIGGINS CO,0.0,2017-06-02 12:10 America/Denver
20080409,3263,BIJOU CR. NR WIGGINS CO,0.0,2017-06-02 12:10 America/Denver
20080410,3263,BIJOU CR. NR WIGGINS CO,125.0,2017-06-02 12:10 America/Denver
20080411,3263,BIJOU CR. NR WIGGINS CO,55280.0,2017-06-02 12:10 America/Denver
20080412,3263,BIJOU CR. NR WIGGINS CO,16915.0,2017-06-02 12:10 America/Denver
20080413,3263,BIJOU CR. NR WIGGINS CO,6445.0,2017-06-02 12:10 America/Denver
20080414,3263,BIJOU CR. NR WIGGINS CO,1043.0,2017-06-02 12:10 America/Denver
20080415,3263,BIJOU CR. NR WIGGINS CO,0.0,2017-06-02 12:10 America/Denver
20080416,3263,BIJOU CR. NR WIGGINS CO,0.0,2017-06-02 12:10 America/Denver
20080417,3263,BIJOU CR. NR WIGGINS CO,12347.0,2017-06-02 12:10 America/Denver
20080418,3263,BIJOU CR. NR WIGGINS CO,13744.0,2017-06-02 12:10 America/Denver
20080419,3263,BIJOU CR. NR WIGGINS CO,250.0,2017-06-02 12:10 America/Denver
20080420,3263,BIJOU CR. NR WIGGINS CO,0.0,2017-06-02 12:10 America/Denver
20080421,3263,BIJOU CR. NR WIGGINS CO,0.0,2017-06-02 12:10 America/Denver
20080422,3263,BIJOU CR. NR WIGGINS CO,0.0,2017-06-02 12:10 America/Denver
20080423,3263,BIJOU CR. NR WIGGINS CO,0.0,2017-06-02 12:10 America/Denver
20080424,3263,BIJOU CR. NR WIGGINS CO,0.0,2017-06-02 12:10 America/Denver
20080425,3263,BIJOU CR. NR WIGGINS CO,0.0,2017-06-02 12:10 America/Denver
20080426,3263,BIJOU CR. NR WIGGINS CO,0.0,2017-06-02 12:10 America/Denver
20080427,3263,BIJOU CR. NR WIGGINS CO,0.0,2017-06-02 12:10 America/Denver
20080428,3263,BIJOU CR. NR WIGGINS CO,0.0,2017-06-02 12:10 America/Denver
20080429,3263,BIJOU CR. NR WIGGINS CO,0.0,2017-06-02 12:10 America/Denver
20080430,3263,BIJOU CR. NR WIGGINS CO,0.0,2017-06-02 12:10 America/Denver
20080501,3263,BIJOU CR. NR WIGGINS CO,0.0,2017-06-02 12:10 America/Denver
20080502,3263,BIJOU CR. NR WIGGINS CO,4603.0,2017-06-02 12:10 America/Denver
20080503,3263,BIJOU CR. NR WIGGINS CO,1530.0,2017-06-02 12:10 America/Denver
20080504,3263,BIJOU CR. NR WIGGINS CO,0.0,2017-06-02 12:10 America/Denver
20080505,3263,BIJOU CR. NR WIGGINS CO,0.0,2017-06-02 12:10 America/Denver
20080506,3263,BIJOU CR. NR WIGGINS CO,0.0,2017-06-02 12:10 America/Denver
20080507,3263,BIJOU CR. NR WIGGINS CO,0.0,2017-06-02 12:10 America/Denver
20080508,3263,BIJOU CR. NR WIGGINS CO,0.0,2017-06-02 12:10 America/Denver
20080509,3263,BIJOU CR. NR WIGGINS CO,0.0,2017-06-02 12:10 America/Denver
20080510,3263,BIJOU CR. NR WIGGINS CO,0.0,2017-06-02 12:10 America/Denver
20080511,3263,BIJOU CR. NR WIGGINS CO,0.0,2017-06-02 12:10 America/Denver
20080512,3263,BIJOU CR. NR WIGGINS CO,0.0,2017-06-02 12:10 America/Denver
20080513,3263,BIJOU CR. NR WIGGINS CO,0.0,2017-06-02 12:10 America/Denver
20080514,3263,BIJOU CR. NR WIGGINS CO,0.0,2017-06-02 12:10 America/Denver
20080515,3263,BIJOU CR. NR WIGGINS CO,0.0,2017-06-02 12:10 America/Denver
20080516,3263,BIJOU CR. NR WIGGINS CO,0.0,2017-06-02 12:10 America/Denver
20080517,3263,BIJOU CR. NR WIGGINS CO,0.0,2017-06-02 12:10 America/Denver
20080518,3263,BIJOU CR. NR WIGGINS CO,0.0,2017-06-02 12:10 America/Denver
20080519,3263,BIJOU CR. NR WIGGINS CO,0.0,2017-06-02 12:10 America/Denver
20080520,3263,BIJOU CR. NR WIGGINS CO,0.0,2017-06-02 12:10 America/Denver
20080521,3263,BIJOU CR. NR WIGGINS CO,0.0,2017-06-02 12:10 America/Denver
20080522,3263,BIJOU CR. NR WIGGINS CO,0.0,2017-06-02 12:10 America/Denver
20080523,3263,BIJOU CR. NR WIGGINS CO,0.0,2017-06-02 12:10 America/Denver
20080524,3263,BIJOU CR. NR WIGGINS CO,0.0,2017-06-02 12:10 America/Denver
20080525,3263,BIJOU CR. NR WIGGINS CO,0.0,2017-06-02 12:10 America/Denver
20080526,3263,BIJOU CR. NR WIGGINS CO,0.0,2017-06-02 12:10 America/Denver
20080527,3263,BIJOU CR. NR WIGGINS CO,0.0,2017-06-02 12:10 America/Denver
20080528,3263,BIJOU CR. NR WIGGINS CO,0.0,2017-06-02 12:10 America/Denver
20080529,3263,BIJOU CR. NR WIGGINS CO,0.0,2017-06-02 12:10 America/Denver
20080530,3263,BIJOU CR. NR WIGGINS CO,0.0,2017-06-02 12:10 America/Denver
20080531,3263,BIJOU CR. NR WIGGINS CO,0.0,2017-06-02 12:10 America/Denver
20080601,3263,BIJOU CR. NR WIGGINS CO,0.0,2017-06-02 12:10 America/Denver
20080602,3263,BIJOU CR. NR WIGGINS CO,0.0,2017-06-02 12:10 America/Denver
20080603,3263,BIJOU CR. NR WIGGINS CO,0.0,2017-06-02 12:10 America/Denver
20080604,3263,BIJOU CR. NR WIGGINS CO,0.0,2017-06-02 12:10 America/Denver
20080605,3263,BIJOU CR. NR WIGGINS CO,0.0,2017-06-02 12:10 America/Denver
20080606,3263,BIJOU CR. NR WIGGINS CO,0.0,2017-06-02 12:10 America/Denver
20080607,3263,BIJOU CR. NR WIGGINS CO,0.0,2017-06-02 12:10 America/Denver
20080608,3263,BIJOU CR. NR WIGGINS CO,0.0,2017-06-02 12:10 America/Denver
20080609,3263,BIJOU CR. NR WIGGINS CO,0.0,2017-06-02 12:10 America/Denver
20080610,3263,BIJOU CR. NR WIGGINS CO,0.0,2017-06-02 12:10 America/Denver
20080611,3263,BIJOU CR. NR WIGGINS CO,0.0,2017-06-02 12:10 America/Denver
20080612,3263,BIJOU CR. NR WIGGINS CO,0.0,2017-06-02 12:10 America/Denver
20080613,3263,BIJOU CR. NR WIGGINS CO,,2017-06-02 12:10 America/Denver
20080614,3263,BIJOU CR. NR WIGGINS CO,0.0,2017-06-02 12:10 America/Denver
20080615,3263,BIJOU CR. NR WIGGINS CO,0.0,2017-06-02 12:10 America/Denver
20080616,3263,BIJOU CR. NR WIGGINS CO,0.0,2017-06-02 12:10 America/Denver
20080617,3263,BIJOU CR. NR WIGGINS CO,0.0,2017-06-02 12:10 America/Denver
20080618,3263,BIJOU CR. NR WIGGINS CO,,2017-06-02 12:10 America/Denver
20080619,3263,BIJOU CR. NR WIGGINS CO,0.0,2017-06-02 12:10 America/Denver
20080620,3263,BIJOU CR. NR WIGGINS CO,0.0,2017-06-02 12:10 America/Denver
20080621,3263,BIJOU CR. NR WIGGINS CO,0.0,2017-06-02 12:10 America/Denver
20080622,3263,BIJOU CR. NR WIGGINS CO,0.0,2017-06-02 12:10 America/Denver
20080623,3263,BIJOU CR. NR WIGGINS CO,0.0,2017-06-02 12:10 America/Denver
20080624,3263,BIJOU CR. NR WIGGINS CO,0.0,2017-06-02 12:10 America/Denver
20080625,3263,BIJOU CR. NR WIGGINS CO,0.0,2017-06-02 12:10 America/Denver
20080626,3263,BIJOU CR. NR WIGGINS CO,0.0,2017-06-02 12:10 America/Denver
20080627,3263,BIJOU CR. NR WIGGINS CO,0.0,2017-06-02 12:10 America/Denver
20080628,3263,BIJOU CR. NR WIGGINS CO,0.0,2017-06-02 12:10 America/Denver
20080629,3263,BIJOU CR. NR WIGGINS CO,0.0,2017-06-02 12:10 America/Denver
20080630,3263,BIJOU CR. NR WIGGINS CO,0.0,2017-06-02 12:10 America/Denver
20080701,3263,BIJOU CR. NR WIGGINS CO,0.0,2017-06-02 12:10 America/Denver
20080702,3263,BIJOU CR. NR WIGGINS CO,0.0,2017-06-02 12:10 America/Denver
20080703,3263,BIJOU CR. NR WIGGINS CO,0.0,2017-06-02 12:10 America/Denver
20080704,3263,BIJOU CR. NR WIGGINS CO,0.0,2017-06-02 12:10 America/Denver
20080705,3263,BIJOU CR. NR WIGGINS CO,0.0,2017-06-02 12:10 America/Denver
20080706,3263,BIJOU CR. NR WIGGINS CO,0.0,2017-06-02 12:10 America/Denver
20080707,3263,BIJOU CR. NR WIGGINS CO,0.0,2017-06-02 12:10 America/Denver
20080708,3263,BIJOU CR. NR WIGGINS CO,0.0,2017-06-02 12:10 America/Denver
20080709,3263,BIJOU CR. NR WIGGINS CO,0.0,2017-06-02 12:10 America/Denver
20080710,3263,BIJOU CR. NR WIGGINS CO,0.0,2017-06-02 12:10 America/Denver
20080711,3263,BIJOU CR. NR WIGGINS CO,0.0,2017-06-02 12:10 America/Denver
20080712,3263,BIJOU CR. NR WIGGINS CO,0.0,2017-06-02 12:10 America/Denver
20080713,3263,BIJOU CR. NR WIGGINS CO,0.0,2017-06-02 12:10 America/Denver
20080714,3263,BIJOU CR. NR WIGGINS CO,0.0,2017-06-02 12:10 America/Denver
20080715,3263,BIJOU CR. NR WIGGINS CO,0.0,2017-06-02 12:10 America/Denver
20080716,3263,BIJOU CR. NR WIGGINS CO,0.0,2017-06-02 12:10 America/Denver
20080717,3263,BIJOU CR. NR WIGGINS CO,0.0,2017-06-02 12:10 America/Denver
20080718,3263,BIJOU CR. NR WIGGINS CO,0.0,2017-06-02 12:10 America/Denver
20080719,3263,BIJOU CR. NR WIGGINS CO,0.0,2017-06-02 12:10 America/Denver
20080720,3263,BIJOU CR. NR WIGGINS CO,0.0,2017-06-02 12:10 America/Denver
20080721,3263,BIJOU CR. NR WIGGINS CO,0.0,2017-06-02 12:10 America/Denver
20080722,3263,BIJOU CR. NR WIGGINS CO,0.0,2017-06-02 12:10 America/Denver
20080723,3263,BIJOU CR. NR WIGGINS CO,0.0,2017-06-02 12:10 America/Denver
20080724,3263,BIJOU CR. NR WIGGINS CO,0.0,2017-06-02 12:10 America/Denver
20080725,3263,BIJOU CR. NR WIGGINS CO,0.0,2017-06-02 12:10 America/Denver
20080726,3263,BIJOU CR. NR WIGGINS CO,0.0,2017-06-02 12:10 America/Denver
20080727,3263,BIJOU CR. NR WIGGINS CO,0.0,2017-06-02 12:10 America/Denver
20080728,3263,BIJOU CR. NR WIGGINS CO,0.0,2017-06-02 12:10 America/Denver
20080729,3263,BIJOU CR. NR WIGGINS CO,0.0,2017-06-02 12:10 America/Denver
20080730,3263,BIJOU CR. NR WIGGINS CO,0.0,2017-06-02 12:10 America/Denver
20080731,3263,BIJOU CR. NR WIGGINS CO,0.0,2017-06-02 12:10 America/Denver
20080801,3263,BIJOU CR. NR WIGGINS CO,0.0,2017-06-02 12:10 America/Denver
20080802,3263,BIJOU CR. NR WIGGINS CO,0.0,2017-06-02 12:10 America/Denver
20080803,3263,BIJOU CR. NR WIGGINS CO,0.0,2017-06-02 12:10 America/Denver
20080804,3263,BIJOU CR. NR WIGGINS CO,0.0,2017-06-02 12:10 America/Denver
20080805,3263,BIJOU CR. NR WIGGINS CO,0.0,2017-06-02 12:10 America/Denver
20080806,3263,BIJOU CR. NR WIGGINS CO,0.0,2017-06-02 12:10 America/Denver
20080807,3263,BIJOU CR. NR WIGGINS CO,0.0,2017-06-02 12:10 America/Denver
20080808,3263,BIJOU CR. NR WIGGINS CO,0.0,2017-06-02 12:10 America/Denver
20080809,3263,BIJOU CR. NR WIGGINS CO,0.0,2017-06-02 12:10 America/Denver
20080810,3263,BIJOU CR. NR WIGGINS CO,0.0,2017-06-02 12:10 America/Denver
20080811,3263,BIJOU CR. NR WIGGINS CO,0.0,2017-06-02 12:10 America/Denver
20080812,3263,BIJOU CR. NR WIGGINS CO,0.0,2017-06-02 12:10 America/Denver
20080813,3263,BIJOU CR. NR WIGGINS CO,0.0,2017-06-02 12:10 America/Denver
20080814,3263,BIJOU CR. NR WIGGINS CO,0.0,2017-06-02 12:10 America/Denver
20080815,3263,BIJOU CR. NR WIGGINS CO,0.0,2017-06-02 12:10 America/Denver
20080816,3263,BIJOU CR. NR WIGGINS CO,0.0,2017-06-02 12:10 America/Denver
20080817,3263,BIJOU CR. NR WIGGINS CO,0.0,2017-06-02 12:10 America/Denver
20080818,3263,BIJOU CR. NR WIGGINS CO,0.0,2017-06-02 12:10 America/Denver
20080819,3263,BIJOU CR. NR WIGGINS CO,0.0,2017-06-02 12:10 America/Denver
20080820,3263,BIJOU CR. NR WIGGINS CO,0.0,2017-06-02 12:10 America/Denver
20080821,3263,BIJOU CR. NR WIGGINS CO,0.0,2017-06-02 12:10 America/Denver
20080822,3263,BIJOU CR. NR WIGGINS CO,0.0,2017-06-02 12:10 America/Denver
20080823,3263,BIJOU CR. NR WIGGINS CO,0.0,2017-06-02 12:10 America/Denver
20080824,3263,BIJOU CR. NR WIGGINS CO,0.0,2017-06-02 12:10 America/Denver
20080825,3263,BIJOU CR. NR WIGGINS CO,0.0,2017-06-02 12:10 America/Denver
20080826,3263,BIJOU CR. NR WIGGINS CO,0.0,2017-06-02 12:10 America/Denver
20080827,3263,BIJOU CR. NR WIGGINS CO,0.0,2017-06-02 12:10 America/Denver
20080828,3263,BIJOU CR. NR WIGGINS CO,0.0,2017-06-02 12:10 America/Denver
20080829,3263,BIJOU CR. NR WIGGINS CO,0.0,2017-06-02 12:10 America/Denver
20080830,3263,BIJOU CR. NR WIGGINS CO,0.0,2017-06-02 12:10 America/Denver
20080831,3263,BIJOU CR. NR WIGGINS CO,0.0,2017-06-02 12:10 America/Denver
20080901,3263,BIJOU CR. NR WIGGINS CO,0.0,2017-06-02 12:10 America/Denver
20080902,3263,BIJOU CR. NR WIGGINS CO,0.0,2017-06-02 12:10 America/Denver
20080903,3263,BIJOU CR. NR WIGGINS CO,0.0,2017-06-02 12:10 America/Denver
20080904,3263,BIJOU CR. NR WIGGINS CO,0.0,2017-06-02 12:10 America/Denver
20080905,3263,BIJOU CR. NR WIGGINS CO,0.0,2017-06-02 12:10 America/Denver
20080906,3263,BIJOU CR. NR WIGGINS CO,0.0,2017-06-02 12:10 America/Denver
20080907,3263,BIJOU CR. NR WIGGINS CO,0.0,2017-06-02 12:10 America/Denver
20080908,3263,BIJOU CR. NR WIGGINS CO,0.0,2017-06-02 12:10 America/Denver
20080909,3263,BIJOU CR. NR WIGGINS CO,0.0,2017-06-02 12:10 America/Denver
20080910,3263,BIJOU CR. NR WIGGINS CO,0.0,2017-06-02 12:10 America/Denver
20080911,3263,BIJOU CR. NR WIGGINS CO,0.0,2017-06-02 12:10 America/Denver
20080912,3263,BIJOU CR. NR WIGGINS CO,0.0,2017-06-02 12:10 America/Denver
20080913,3263,BIJOU CR. NR WIGGINS CO,0.0,2017-06-02 12:10 America/Denver
20080914,3263,BIJOU CR. NR WIGGINS CO,0.0,2017-06-02 12:10 America/Denver
20080915,3263,BIJOU CR. NR WIGGINS CO,0.0,2017-06-02 12:10 America/Denver
20080916,3263,BIJOU CR. NR WIGGINS CO,0.0,2017-06-02 12:10 America/Denver
20080917,3263,BIJOU CR. NR WIGGINS CO,0.0,2017-06-02 12:10 America/Denver
20080918,3263,BIJOU CR. NR WIGGINS CO,0.0,2017-06-02 12:10 America/Denver
20080919,3263,BIJOU CR. NR WIGGINS CO,0.0,2017-06-02 12:10 America/Denver
20080920,3263,BIJOU CR. NR WIGGINS CO,0.0,2017-06-02 12:10 America/Denver
20080921,3263,BIJOU CR. NR WIGGINS CO,0.0,2017-06-02 12:10 America/Denver
20080922,3263,BIJOU CR. NR WIGGINS CO,0.0,2017-06-02 12:10 America/Denver
20080923,3263,BIJOU CR. NR WIGGINS CO,0.0,2017-06-02 12:10 America/Denver
20080924,3263,BIJOU CR. NR WIGGINS CO,0.0,2017-06-02 12:10 America/Denver
20080925,3263,BIJOU CR. NR WIGGINS CO,0.0,2017-06-02 12:10 America/Denver
20080926,3263,BIJOU CR. NR WIGGINS CO,0.0,2017-06-02 12:10 America/Denver
20080927,3263,BIJOU CR. NR WIGGINS CO,0.0,2017-06-02 12:10 America/Denver
20080928,3263,BIJOU CR. NR WIGGINS CO,0.0,2017-06-02 12:10 America/Denver
20080929,3263,BIJOU CR. NR WIGGINS CO,0.0,2017-06-02 12:10 America/Denver
20080930,3263,BIJOU CR. NR WIGGINS CO,0.0,2017-06-02 12:10 America/Denver
20081001,3263,BIJOU CR. NR WIGGINS CO,0.0,2017-06-02 12:10 America/Denver
20081002,3263,BIJOU CR. NR WIGGINS CO,0.0,2017-06-02 12:10 America/Denver
20081003,3263,BIJOU CR. NR WIGGINS CO,0.0,2017-06-02 12:10 America/Denver
20081004,3263,BIJOU CR. NR WIGGINS CO,0.0,2017-06-02 12:10 America/Denver
20081005,3263,BIJOU CR. NR WIGGINS CO,0.0,2017-06-02 12:10 America/Denver
20081006,3263,BIJOU CR. NR WIGGINS CO,0.0,2017-06-02 12:10 America/Denver
20081007,3263,BIJOU CR. NR WIGGINS CO,0.0,2017-06-02 12:10 America/Denver
20081008,3263,BIJOU CR. NR WIGGINS CO,0.0,2017-06-02 12:10 America/Denver
20081009,3263,BIJOU CR. NR WIGGINS CO,0.0,2017-06-02 12:10 America/Denver
20081010,3263,BIJOU CR. NR WIGGINS CO,0.0,2017-06-02 12:10 America/Denver
20081011,3263,BIJOU CR. NR WIGGINS CO,0.0,2017-06-02 12:10 America/Denver
20081012,3263,BIJOU CR. NR WIGGINS CO,0.0,2017-06-02 12:10 America/Denver
20081013,3263,BIJOU CR. NR WIGGINS CO,0.0,2017-06-02 12:10 America/Denver
20081014,3263,BIJOU CR. NR WIGGINS CO,0.0,2017-06-02 12:10 America/Denver
20081015,3263,BIJOU CR. NR WIGGINS CO,0.0,2017-06-02 12:10 America/Denver
20081016,3263,BIJOU CR. NR WIGGINS CO,0.0,2017-06-02 12:10 America/Denver
20081017,3263,BIJOU CR. NR WIGGINS CO,0.0,2017-06-02 12:10 America/Denver
20081018,3263,BIJOU CR. NR WIGGINS CO,0.0,2017-06-02 12:10 America/Denver
20081019,3263,BIJOU CR. NR WIGGINS CO,0.0,2017-06-02 12:10 America/Denver
20081020,3263,BIJOU CR. NR WIGGINS CO,0.0,2017-06-02 12:10 America/Denver
20081021,3263,BIJOU CR. NR WIGGINS CO,0.0,2017-06-02 12:10 America/Denver
20081022,3263,BIJOU CR. NR WIGGINS CO,18.0,2017-06-02 12:10 America/Denver
20081023,3263,BIJOU CR. NR WIGGINS CO,87.0,2017-06-02 12:10 America/Denver
20081024,3263,BIJOU CR. NR WIGGINS CO,0.0,2017-06-02 12:10 America/Denver
20081025,3263,BIJOU CR. NR WIGGINS CO,0.0,2017-06-02 12:10 America/Denver
20081026,3263,BIJOU CR. NR WIGGINS CO,0.0,2017-06-02 12:10 America/Denver
20081027,3263,BIJOU CR. NR WIGGINS CO,0.0,2017-06-02 12:10 America/Denver
20081028,3263,BIJOU CR. NR WIGGINS CO,0.0,2017-06-02 12:10 America/Denver
20081029,3263,BIJOU CR. NR WIGGINS CO,0.0,2017-06-02 12:10 America/Denver
20081030,3263,BIJOU CR. NR WIGGINS CO,0.0,2017-06-02 12:10 America/Denver
20081031,3263,BIJOU CR. NR WIGGINS CO,0.0,2017-06-02 12:10 America/Denver
20081101,3263,BIJOU CR. NR WIGGINS CO,0.0,2017-06-02 12:10 America/Denver
20081102,3263,BIJOU CR. NR WIGGINS CO,0.0,2017-06-02 12:10 America/Denver
20081103,3263,BIJOU CR. NR WIGGINS CO,0.0,2017-06-02 12:10 America/Denver
20081104,3263,BIJOU CR. NR WIGGINS CO,0.0,2017-06-02 12:10 America/Denver
20081105,3263,BIJOU CR. NR WIGGINS CO,0.0,2017-06-02 12:10 America/Denver
20081106,3263,BIJOU CR. NR WIGGINS CO,300.0,2017-06-02 12:10 America/Denver
20081107,3263,BIJOU CR. NR WIGGINS CO,23.0,2017-06-02 12:10 America/Denver
20081108,3263,BIJOU CR. NR WIGGINS CO,0.0,2017-06-02 12:10 America/Denver
20081109,3263,BIJOU CR. NR WIGGINS CO,0.0,2017-06-02 12:10 America/Denver
20081110,3263,BIJOU CR. NR WIGGINS CO,0.0,2017-06-02 12:10 America/Denver
20081111,3263,BIJOU CR. NR WIGGINS CO,7327.0,2017-06-02 12:10 America/Denver
20081112,3263,BIJOU CR. NR WIGGINS CO,174.0,2017-06-02 12:10 America/Denver
20081113,3263,BIJOU CR. NR WIGGINS CO,0.0,2017-06-02 12:10 America/Denver
20081114,3263,BIJOU CR. NR WIGGINS CO,0.0,2017-06-02 12:10 America/Denver
20081115,3263,BIJOU CR. NR WIGGINS CO,237.0,2017-06-02 12:10 America/Denver
20081116,3263,BIJOU CR. NR WIGGINS CO,0.0,2017-06-02 12:10 America/Denver
20081117,3263,BIJOU CR. NR WIGGINS CO,0.0,2017-06-02 12:10 America/Denver
20081118,3263,BIJOU CR. NR WIGGINS CO,0.0,2017-06-02 12:10 America/Denver
20081119,3263,BIJOU CR. NR WIGGINS CO,0.0,2017-06-02 12:10 America/Denver
20081120,3263,BIJOU CR. NR WIGGINS CO,0.0,2017-06-02 12:10 America/Denver
20081121,3263,BIJOU CR. NR WIGGINS CO,0.0,2017-06-02 12:10 America/Denver
20081122,3263,BIJOU CR. NR WIGGINS CO,0.0,2017-06-02 12:10 America/Denver
20081123,3263,BIJOU CR. NR WIGGINS CO,0.0,2017-06-02 12:10 America/Denver
20081124,3263,BIJOU CR. NR WIGGINS CO,0.0,2017-06-02 12:10 America/Denver
20081125,3263,BIJOU CR. NR WIGGINS CO,0.0,2017-06-02 12:10 America/Denver
20081126,3263,BIJOU CR. NR WIGGINS CO,0.0,2017-06-02 12:10 America/Denver
20081127,3263,BIJOU CR. NR WIGGINS CO,0.0,2017-06-02 12:10 America/Denver
20081128,3263,BIJOU CR. NR WIGGINS CO,3299.0,2017-06-02 12:10 America/Denver
20081129,3263,BIJOU CR. NR WIGGINS CO,5093.0,2017-06-02 12:10 America/Denver
20081130,3263,BIJOU CR. NR WIGGINS CO,11453.0,2017-06-02 12:10 America/Denver
20081201,3263,BIJOU CR. NR WIGGINS CO,14026.0,2017-06-02 12:10 America/Denver
20081202,3263,BIJOU CR. NR WIGGINS CO,10571.0,2017-06-02 12:10 America/Denver
20081203,3263,BIJOU CR. NR WIGGINS CO,0.0,2017-06-02 12:10 America/Denver
20081204,3263,BIJOU CR. NR WIGGINS CO,0.0,2017-06-02 12:10 America/Denver
20081205,3263,BIJOU CR. NR WIGGINS CO,13388.0,2017-06-02 12:10 America/Denver
20081206,3263,BIJOU CR. NR WIGGINS CO,10714.0,2017-06-02 12:10 America/Denver
20081207,3263,BIJOU CR. NR WIGGINS CO,2702.0,2017-06-02 12:10 America/Denver
20081208,3263,BIJOU CR. NR WIGGINS CO,0.0,2017-06-02 12:10 America/Denver
20081209,3263,BIJOU CR. NR WIGGINS CO,3812.0,2017-06-02 12:10 America/Denver
20081210,3263,BIJOU CR. NR WIGGINS CO,8005.0,2017-06-02 12:10 America/Denver
20081211,3263,BIJOU CR. NR WIGGINS CO,13288.0,2017-06-02 12:10 America/Denver
20081212,3263,BIJOU CR. NR WIGGINS CO,6639.0,2017-06-02 12:10 America/Denver
20081213,3263,BIJOU CR. NR WIGGINS CO,5699.0,2017-06-02 12:10 America/Denver
20081214,3263,BIJOU CR. NR WIGGINS CO,316.0,2017-06-02 12:10 America/Denver
20081215,3263,BIJOU CR. NR WIGGINS CO,12191.0,2017-06-02 12:10 America/Denver
20081216,3263,BIJOU CR. NR WIGGINS CO,12046.0,2017-06-02 12:10 America/Denver
20081217,3263,BIJOU CR. NR WIGGINS CO,11738.0,2017-06-02 12:10 America/Denver
20081218,3263,BIJOU CR. NR WIGGINS CO,9486.0,2017-06-02 12:10 America/Denver
20081219,3263,BIJOU CR. NR WIGGINS CO,9796.0,2017-06-02 12:10 America/Denver
20081220,3263,BIJOU CR. NR WIGGINS CO,7109.0,2017-06-02 12:10 America/Denver
20081221,3263,BIJOU CR. NR WIGGINS CO,6048.0,2017-06-02 12:10 America/Denver
20081222,3263,BIJOU CR. NR WIGGINS CO,5868.0,2017-06-02 12:10 America/Denver
20081223,3263,BIJOU CR. NR WIGGINS CO,8736.0,2017-06-02 12:10 America/Denver
20081224,3263,BIJOU CR. NR WIGGINS CO,16736.0,2017-06-02 12:10 America/Denver
20081225,3263,BIJOU CR. NR WIGGINS CO,13908.0,2017-06-02 12:10 America/Denver
20081226,3263,BIJOU CR. NR WIGGINS CO,6182.0,2017-06-02 12:10 America/Denver
20081227,3263,BIJOU CR. NR WIGGINS CO,1693.0,2017-06-02 12:10 America/Denver
20081228,3263,BIJOU CR. NR WIGGINS CO,771.0,2017-06-02 12:10 America/Denver
20081229,3263,BIJOU CR. NR WIGGINS CO,0.0,2017-06-02 12:10 America/Denver
20081230,3263,BIJOU CR. NR WIGGINS CO,0.0,2017-06-02 12:10 America/Denver
20081231,3263,BIJOU CR. NR WIGGINS CO,0.0,2017-06-02 12:10 America/Denver
20090101,3263,BIJOU CR. NR WIGGINS CO,0.0,2017-06-02 12:10 America/Denver
20090102,3263,BIJOU CR. NR WIGGINS CO,0.0,2017-06-02 12:10 America/Denver
20090103,3263,BIJOU CR. NR WIGGINS CO,0.0,2017-06-02 12:10 America/Denver
20090104,3263,BIJOU CR. NR WIGGINS CO,2271.0,2017-06-02 12:10 America/Denver
20090105,3263,BIJOU CR. NR WIGGINS CO,2956.0,2017-06-02 12:10 America/Denver
20090106,3263,BIJOU CR. NR WIGGINS CO,1624.0,2017-06-02 12:10 America/Denver
20090107,3263,BIJOU CR. NR WIGGINS CO,745.0,2017-06-02 12:10 America/Denver
20090108,3263,BIJOU CR. NR WIGGINS CO,0.0,2017-06-02 12:10 America/Denver
20090109,3263,BIJOU CR. NR WIGGINS CO,0.0,2017-06-02 12:10 America/Denver
20090110,3263,BIJOU CR. NR WIGGINS CO,0.0,2017-06-02 12:10 America/Denver
20090111,3263,BIJOU CR. NR WIGGINS CO,0.0,2017-06-02 12:10 America/Denver
20090112,3263,BIJOU CR. NR WIGGINS CO,0.0,2017-06-02 12:10 America/Denver
20090113,3263,BIJOU CR. NR WIGGINS CO,8998.0,2017-06-02 12:10 America/Denver
20090114,3263,BIJOU CR. NR WIGGINS CO,7768.0,2017-06-02 12:10 America/Denver
20090115,3263,BIJOU CR. NR WIGGINS CO,7203.0,2017-06-02 12:10 America/Denver
20090116,3263,BIJOU CR. NR WIGGINS CO,7322.0,2017-06-02 12:10 America/Denver
20090117,3263,BIJOU CR. NR WIGGINS CO,1297.0,2017-06-02 12:10 America/Denver
20090118,3263,BIJOU CR. NR WIGGINS CO,116.0,2017-06-02 12:10 America/Denver
20090119,3263,BIJOU CR. NR WIGGINS CO,0.0,2017-06-02 12:10 America/Denver
20090120,3263,BIJOU CR. NR WIGGINS CO,0.0,2017-06-02 12:10 America/Denver
20090121,3263,BIJOU CR. NR WIGGINS CO,0.0,2017-06-02 12:10 America/Denver
20090122,3263,BIJOU CR. NR WIGGINS CO,0.0,2017-06-02 12:10 America/Denver
20090123,3263,BIJOU CR. NR WIGGINS CO,0.0,2017-06-02 12:10 America/Denver
20090124,3263,BIJOU CR. NR WIGGINS CO,1491.0,2017-06-02 12:10 America/Denver
20090125,3263,BIJOU CR. NR WIGGINS CO,361.0,2017-06-02 12:10 America/Denver
20090126,3263,BIJOU CR. NR WIGGINS CO,483.0,2017-06-02 12:10 America/Denver
20090127,3263,BIJOU CR. NR WIGGINS CO,6371.0,2017-06-02 12:10 America/Denver
20090128,3263,BIJOU CR. NR WIGGINS CO,9880.0,2017-06-02 12:10 America/Denver
20090129,3263,BIJOU CR. NR WIGGINS CO,5009.0,2017-06-02 12:10 America/Denver
20090130,3263,BIJOU CR. NR WIGGINS CO,3503.0,2017-06-02 12:10 America/Denver
20090131,3263,BIJOU CR. NR WIGGINS CO,53.0,2017-06-02 12:10 America/Denver
20090201,3263,BIJOU CR. NR WIGGINS CO,0.0,2017-06-02 12:10 America/Denver
20090202,3263,BIJOU CR. NR WIGGINS CO,0.0,2017-06-02 12:10 America/Denver
20090203,3263,BIJOU CR. NR WIGGINS CO,0.0,2017-06-02 12:10 America/Denver
20090204,3263,BIJOU CR. NR WIGGINS CO,0.0,2017-06-02 12:10 America/Denver
20090205,3263,BIJOU CR. NR WIGGINS CO,0.0,2017-06-02 12:10 America/Denver
20090206,3263,BIJOU CR. NR WIGGINS CO,0.0,2017-06-02 12:10 America/Denver
20090207,3263,BIJOU CR. NR WIGGINS CO,0.0,2017-06-02 12:10 America/Denver
20090208,3263,BIJOU CR. NR WIGGINS CO,0.0,2017-06-02 12:10 America/Denver
20090209,3263,BIJOU CR. NR WIGGINS CO,52.0,2017-06-02 12:10 America/Denver
20090210,3263,BIJOU CR. NR WIGGINS CO,0.0,2017-06-02 12:10 America/Denver
20090211,3263,BIJOU CR. NR WIGGINS CO,0.0,2017-06-02 12:10 America/Denver
20090212,3263,BIJOU CR. NR WIGGINS CO,19.0,2017-06-02 12:10 America/Denver
20090213,3263,BIJOU CR. NR WIGGINS CO,0.0,2017-06-02 12:10 America/Denver
20090214,3263,BIJOU CR. NR WIGGINS CO,5875.0,2017-06-02 12:10 America/Denver
20090215,3263,BIJOU CR. NR WIGGINS CO,12035.0,2017-06-02 12:10 America/Denver
20090216,3263,BIJOU CR. NR WIGGINS CO,9672.0,2017-06-02 12:10 America/Denver
20090217,3263,BIJOU CR. NR WIGGINS CO,453.0,2017-06-02 12:10 America/Denver
20090218,3263,BIJOU CR. NR WIGGINS CO,0.0,2017-06-02 12:10 America/Denver
20090219,3263,BIJOU CR. NR WIGGINS CO,0.0,2017-06-02 12:10 America/Denver
20090220,3263,BIJOU CR. NR WIGGINS CO,0.0,2017-06-02 12:10 America/Denver
20090221,3263,BIJOU CR. NR WIGGINS CO,881.0,2017-06-02 12:10 America/Denver
20090222,3263,BIJOU CR. NR WIGGINS CO,3.0,2017-06-02 12:10 America/Denver
20090223,3263,BIJOU CR. NR WIGGINS CO,0.0,2017-06-02 12:10 America/Denver
20090224,3263,BIJOU CR. NR WIGGINS CO,0.0,2017-06-02 12:10 America/Denver
20090225,3263,BIJOU CR. NR WIGGINS CO,0.0,2017-06-02 12:10 America/Denver
20090226,3263,BIJOU CR. NR WIGGINS CO,0.0,2017-06-02 12:10 America/Denver
20090227,3263,BIJOU CR. NR WIGGINS CO,0.0,2017-06-02 12:10 America/Denver
20090228,3263,BIJOU CR. NR WIGGINS CO,131.0,2017-06-02 12:10 America/Denver
20090301,3263,BIJOU CR. NR WIGGINS CO,0.0,2017-06-02 12:10 America/Denver
20090302,3263,BIJOU CR. NR WIGGINS CO,0.0,2017-06-02 12:10 America/Denver
20090303,3263,BIJOU CR. NR WIGGINS CO,0.0,2017-06-02 12:10 America/Denver
20090304,3263,BIJOU CR. NR WIGGINS CO,0.0,2017-06-02 12:10 America/Denver
20090305,3263,BIJOU CR. NR WIGGINS CO,0.0,2017-06-02 12:10 America/Denver
20090306,3263,BIJOU CR. NR WIGGINS CO,0.0,2017-06-02 12:10 America/Denver
20090307,3263,BIJOU CR. NR WIGGINS CO,0.0,2017-06-02 12:10 America/Denver
20090308,3263,BIJOU CR. NR WIGGINS CO,4288.0,2017-06-02 12:10 America/Denver
20090309,3263,BIJOU CR. NR WIGGINS CO,0.0,2017-06-02 12:10 America/Denver
20090310,3263,BIJOU CR. NR WIGGINS CO,0.0,2017-06-02 12:10 America/Denver
20090311,3263,BIJOU CR. NR WIGGINS CO,2053.0,2017-06-02 12:10 America/Denver
20090312,3263,BIJOU CR. NR WIGGINS CO,0.0,2017-06-02 12:10 America/Denver
20090313,3263,BIJOU CR. NR WIGGINS CO,393.0,2017-06-02 12:10 America/Denver
20090314,3263,BIJOU CR. NR WIGGINS CO,2461.0,2017-06-02 12:10 America/Denver
20090315,3263,BIJOU CR. NR WIGGINS CO,9.0,2017-06-02 12:10 America/Denver
20090316,3263,BIJOU CR. NR WIGGINS CO,0.0,2017-06-02 12:10 America/Denver
20090317,3263,BIJOU CR. NR WIGGINS CO,0.0,2017-06-02 12:10 America/Denver
20090318,3263,BIJOU CR. NR WIGGINS CO,0.0,2017-06-02 12:10 America/Denver
20090319,3263,BIJOU CR. NR WIGGINS CO,0.0,2017-06-02 12:10 America/Denver
20090320,3263,BIJOU CR. NR WIGGINS CO,0.0,2017-06-02 12:10 America/Denver
20090321,3263,BIJOU CR. NR WIGGINS CO,0.0,2017-06-02 12:10 America/Denver
20090322,3263,BIJOU CR. NR WIGGINS CO,0.0,2017-06-02 12:10 America/Denver
20090323,3263,BIJOU CR. NR WIGGINS CO,0.0,2017-06-02 12:10 America/Denver
20090324,3263,BIJOU CR. NR WIGGINS CO,0.0,2017-06-02 12:10 America/Denver
20090325,3263,BIJOU CR. NR WIGGINS CO,21.0,2017-06-02 12:10 America/Denver
20090326,3263,BIJOU CR. NR WIGGINS CO,2228.0,2017-06-02 12:10 America/Denver
20090327,3263,BIJOU CR. NR WIGGINS CO,49663.0,2017-06-02 12:10 America/Denver
20090328,3263,BIJOU CR. NR WIGGINS CO,67913.0,2017-06-02 12:10 America/Denver
20090329,3263,BIJOU CR. NR WIGGINS CO,66042.0,2017-06-02 12:10 America/Denver
20090330,3263,BIJOU CR. NR WIGGINS CO,318.0,2017-06-02 12:10 America/Denver
20090331,3263,BIJOU CR. NR WIGGINS CO,13547.0,2017-06-02 12:10 America/Denver
20090401,3263,BIJOU CR. NR WIGGINS CO,4840.0,2017-06-02 12:10 America/Denver
20090402,3263,BIJOU CR. NR WIGGINS CO,6970.0,2017-06-02 12:10 America/Denver
20090403,3263,BIJOU CR. NR WIGGINS CO,2836.0,2017-06-02 12:10 America/Denver
20090404,3263,BIJOU CR. NR WIGGINS CO,256.0,2017-06-02 12:10 America/Denver
20090405,3263,BIJOU CR. NR WIGGINS CO,16810.0,2017-06-02 12:10 America/Denver
20090406,3263,BIJOU CR. NR WIGGINS CO,26959.0,2017-06-02 12:10 America/Denver
20090407,3263,BIJOU CR. NR WIGGINS CO,22182.0,2017-06-02 12:10 America/Denver
20090408,3263,BIJOU CR. NR WIGGINS CO,8.0,2017-06-02 12:10 America/Denver
20090409,3263,BIJOU CR. NR WIGGINS CO,0.0,2017-06-02 12:10 America/Denver
20090410,3263,BIJOU CR. NR WIGGINS CO,0.0,2017-06-02 12:10 America/Denver
20090411,3263,BIJOU CR. NR WIGGINS CO,0.0,2017-06-02 12:10 America/Denver
20090412,3263,BIJOU CR. NR WIGGINS CO,0.0,2017-06-02 12:10 America/Denver
20090413,3263,BIJOU CR. NR WIGGINS CO,2396.0,2017-06-02 12:10 America/Denver
20090414,3263,BIJOU CR. NR WIGGINS CO,24.0,2017-06-02 12:10 America/Denver
20090415,3263,BIJOU CR. NR WIGGINS CO,0.0,2017-06-02 12:10 America/Denver
20090416,3263,BIJOU CR. NR WIGGINS CO,0.0,2017-06-02 12:10 America/Denver
20090417,3263,BIJOU CR. NR WIGGINS CO,85.0,2017-06-02 12:10 America/Denver
20090418,3263,BIJOU CR. NR WIGGINS CO,329.0,2017-06-02 12:10 America/Denver
20090419,3263,BIJOU CR. NR WIGGINS CO,21677.0,2017-06-02 12:10 America/Denver
20090420,3263,BIJOU CR. NR WIGGINS CO,1566.0,2017-06-02 12:10 America/Denver
20090421,3263,BIJOU CR. NR WIGGINS CO,0.0,2017-06-02 12:10 America/Denver
20090422,3263,BIJOU CR. NR WIGGINS CO,0.0,2017-06-02 12:10 America/Denver
20090423,3263,BIJOU CR. NR WIGGINS CO,0.0,2017-06-02 12:10 America/Denver
20090424,3263,BIJOU CR. NR WIGGINS CO,0.0,2017-06-02 12:10 America/Denver
20090425,3263,BIJOU CR. NR WIGGINS CO,0.0,2017-06-02 12:10 America/Denver
20090426,3263,BIJOU CR. NR WIGGINS CO,0.0,2017-06-02 12:10 America/Denver
20090427,3263,BIJOU CR. NR WIGGINS CO,7.0,2017-06-02 12:10 America/Denver
20090428,3263,BIJOU CR. NR WIGGINS CO,3122.0,2017-06-02 12:10 America/Denver
20090429,3263,BIJOU CR. NR WIGGINS CO,0.0,2017-06-02 12:10 America/Denver
20090430,3263,BIJOU CR. NR WIGGINS CO,0.0,2017-06-02 12:10 America/Denver
20090501,3263,BIJOU CR. NR WIGGINS CO,0.0,2017-06-02 12:10 America/Denver
20090502,3263,BIJOU CR. NR WIGGINS CO,0.0,2017-06-02 12:10 America/Denver
20090503,3263,BIJOU CR. NR WIGGINS CO,0.0,2017-06-02 12:10 America/Denver
20090504,3263,BIJOU CR. NR WIGGINS CO,0.0,2017-06-02 12:10 America/Denver
20090505,3263,BIJOU CR. NR WIGGINS CO,0.0,2017-06-02 12:10 America/Denver
20090506,3263,BIJOU CR. NR WIGGINS CO,0.0,2017-06-02 12:10 America/Denver
20090507,3263,BIJOU CR. NR WIGGINS CO,0.0,2017-06-02 12:10 America/Denver
20090508,3263,BIJOU CR. NR WIGGINS CO,0.0,2017-06-02 12:10 America/Denver
20090509,3263,BIJOU CR. NR WIGGINS CO,0.0,2017-06-02 12:10 America/Denver
20090510,3263,BIJOU CR. NR WIGGINS CO,0.0,2017-06-02 12:10 America/Denver
20090511,3263,BIJOU CR. NR WIGGINS CO,0.0,2017-06-02 12:10 America/Denver
20090512,3263,BIJOU CR. NR WIGGINS CO,0.0,2017-06-02 12:10 America/Denver
20090513,3263,BIJOU CR. NR WIGGINS CO,0.0,2017-06-02 12:10 America/Denver
20090514,3263,BIJOU CR. NR WIGGINS CO,0.0,2017-06-02 12:10 America/Denver
20090515,3263,BIJOU CR. NR WIGGINS CO,0.0,2017-06-02 12:10 America/Denver
20090516,3263,BIJOU CR. NR WIGGINS CO,0.0,2017-06-02 12:10 America/Denver
20090517,3263,BIJOU CR. NR WIGGINS CO,0.0,2017-06-02 12:10 America/Denver
20090518,3263,BIJOU CR. NR WIGGINS CO,0.0,2017-06-02 12:10 America/Denver
20090519,3263,BIJOU CR. NR WIGGINS CO,0.0,2017-06-02 12:10 America/Denver
20090520,3263,BIJOU CR. NR WIGGINS CO,0.0,2017-06-02 12:10 America/Denver
20090521,3263,BIJOU CR. NR WIGGINS CO,0.0,2017-06-02 12:10 America/Denver
20090522,3263,BIJOU CR. NR WIGGINS CO,0.0,2017-06-02 12:10 America/Denver
20090523,3263,BIJOU CR. NR WIGGINS CO,0.0,2017-06-02 12:10 America/Denver
20090524,3263,BIJOU CR. NR WIGGINS CO,0.0,2017-06-02 12:10 America/Denver
20090525,3263,BIJOU CR. NR WIGGINS CO,0.0,2017-06-02 12:10 America/Denver
20090526,3263,BIJOU CR. NR WIGGINS CO,0.0,2017-06-02 12:10 America/Denver
20090527,3263,BIJOU CR. NR WIGGINS CO,0.0,2017-06-02 12:10 America/Denver
20090528,3263,BIJOU CR. NR WIGGINS CO,0.0,2017-06-02 12:10 America/Denver
20090529,3263,BIJOU CR. NR WIGGINS CO,0.0,2017-06-02 12:10 America/Denver
20090530,3263,BIJOU CR. NR WIGGINS CO,0.0,2017-06-02 12:10 America/Denver
20090531,3263,BIJOU CR. NR WIGGINS CO,0.0,2017-06-02 12:10 America/Denver
20090601,3263,BIJOU CR. NR WIGGINS CO,0.0,2017-06-02 12:10 America/Denver
20090602,3263,BIJOU CR. NR WIGGINS CO,0.0,2017-06-02 12:10 America/Denver
20090603,3263,BIJOU CR. NR WIGGINS CO,0.0,2017-06-02 12:10 America/Denver
20090604,3263,BIJOU CR. NR WIGGINS CO,0.0,2017-06-02 12:10 America/Denver
20090605,3263,BIJOU CR. NR WIGGINS CO,0.0,2017-06-02 12:10 America/Denver
20090606,3263,BIJOU CR. NR WIGGINS CO,0.0,2017-06-02 12:10 America/Denver
20090607,3263,BIJOU CR. NR WIGGINS CO,0.0,2017-06-02 12:10 America/Denver
20090608,3263,BIJOU CR. NR WIGGINS CO,0.0,2017-06-02 12:10 America/Denver
20090609,3263,BIJOU CR. NR WIGGINS CO,0.0,2017-06-02 12:10 America/Denver
20090610,3263,BIJOU CR. NR WIGGINS CO,0.0,2017-06-02 12:10 America/Denver
20090611,3263,BIJOU CR. NR WIGGINS CO,0.0,2017-06-02 12:10 America/Denver
20090612,3263,BIJOU CR. NR WIGGINS CO,0.0,2017-06-02 12:10 America/Denver
20090613,3263,BIJOU CR. NR WIGGINS CO,0.0,2017-06-02 12:10 America/Denver
20090614,3263,BIJOU CR. NR WIGGINS CO,0.0,2017-06-02 12:10 America/Denver
20090615,3263,BIJOU CR. NR WIGGINS CO,0.0,2017-06-02 12:10 America/Denver
20090616,3263,BIJOU CR. NR WIGGINS CO,0.0,2017-06-02 12:10 America/Denver
20090617,3263,BIJOU CR. NR WIGGINS CO,0.0,2017-06-02 12:10 America/Denver
20090618,3263,BIJOU CR. NR WIGGINS CO,0.0,2017-06-02 12:10 America/Denver
20090619,3263,BIJOU CR. NR WIGGINS CO,0.0,2017-06-02 12:10 America/Denver
20090620,3263,BIJOU CR. NR WIGGINS CO,0.0,2017-06-02 12:10 America/Denver
20090621,3263,BIJOU CR. NR WIGGINS CO,0.0,2017-06-02 12:10 America/Denver
20090622,3263,BIJOU CR. NR WIGGINS CO,0.0,2017-06-02 12:10 America/Denver
20090623,3263,BIJOU CR. NR WIGGINS CO,0.0,2017-06-02 12:10 America/Denver
20090624,3263,BIJOU CR. NR WIGGINS CO,0.0,2017-06-02 12:10 America/Denver
20090625,3263,BIJOU CR. NR WIGGINS CO,0.0,2017-06-02 12:10 America/Denver
20090626,3263,BIJOU CR. NR WIGGINS CO,0.0,2017-06-02 12:10 America/Denver
20090627,3263,BIJOU CR. NR WIGGINS CO,0.0,2017-06-02 12:10 America/Denver
20090628,3263,BIJOU CR. NR WIGGINS CO,0.0,2017-06-02 12:10 America/Denver
20090629,3263,BIJOU CR. NR WIGGINS CO,0.0,2017-06-02 12:10 America/Denver
20090630,3263,BIJOU CR. NR WIGGINS CO,0.0,2017-06-02 12:10 America/Denver
20090701,3263,BIJOU CR. NR WIGGINS CO,0.0,2017-06-02 12:10 America/Denver
20090702,3263,BIJOU CR. NR WIGGINS CO,0.0,2017-06-02 12:10 America/Denver
20090703,3263,BIJOU CR. NR WIGGINS CO,0.0,2017-06-02 12:10 America/Denver
20090704,3263,BIJOU CR. NR WIGGINS CO,0.0,2017-06-02 12:10 America/Denver
20090705,3263,BIJOU CR. NR WIGGINS CO,0.0,2017-06-02 12:10 America/Denver
20090706,3263,BIJOU CR. NR WIGGINS CO,0.0,2017-06-02 12:10 America/Denver
20090707,3263,BIJOU CR. NR WIGGINS CO,0.0,2017-06-02 12:10 America/Denver
20090708,3263,BIJOU CR. NR WIGGINS CO,0.0,2017-06-02 12:10 America/Denver
20090709,3263,BIJOU CR. NR WIGGINS CO,0.0,2017-06-02 12:10 America/Denver
20090710,3263,BIJOU CR. NR WIGGINS CO,0.0,2017-06-02 12:10 America/Denver
20090711,3263,BIJOU CR. NR WIGGINS CO,0.0,2017-06-02 12:10 America/Denver
20090712,3263,BIJOU CR. NR WIGGINS CO,0.0,2017-06-02 12:10 America/Denver
20090713,3263,BIJOU CR. NR WIGGINS CO,0.0,2017-06-02 12:10 America/Denver
20090714,3263,BIJOU CR. NR WIGGINS CO,0.0,2017-06-02 12:10 America/Denver
20090715,3263,BIJOU CR. NR WIGGINS CO,0.0,2017-06-02 12:10 America/Denver
20090716,3263,BIJOU CR. NR WIGGINS CO,0.0,2017-06-02 12:10 America/Denver
20090717,3263,BIJOU CR. NR WIGGINS CO,0.0,2017-06-02 12:10 America/Denver
20090718,3263,BIJOU CR. NR WIGGINS CO,0.0,2017-06-02 12:10 America/Denver
20090719,3263,BIJOU CR. NR WIGGINS CO,0.0,2017-06-02 12:10 America/Denver
20090720,3263,BIJOU CR. NR WIGGINS CO,0.0,2017-06-02 12:10 America/Denver
20090721,3263,BIJOU CR. NR WIGGINS CO,0.0,2017-06-02 12:10 America/Denver
20090722,3263,BIJOU CR. NR WIGGINS CO,0.0,2017-06-02 12:10 America/Denver
20090723,3263,BIJOU CR. NR WIGGINS CO,0.0,2017-06-02 12:10 America/Denver
20090724,3263,BIJOU CR. NR WIGGINS CO,0.0,2017-06-02 12:10 America/Denver
20090725,3263,BIJOU CR. NR WIGGINS CO,0.0,2017-06-02 12:10 America/Denver
20090726,3263,BIJOU CR. NR WIGGINS CO,0.0,2017-06-02 12:10 America/Denver
20090727,3263,BIJOU CR. NR WIGGINS CO,0.0,2017-06-02 12:10 America/Denver
20090728,3263,BIJOU CR. NR WIGGINS CO,0.0,2017-06-02 12:10 America/Denver
20090729,3263,BIJOU CR. NR WIGGINS CO,0.0,2017-06-02 12:10 America/Denver
20090730,3263,BIJOU CR. NR WIGGINS CO,0.0,2017-06-02 12:10 America/Denver
20090731,3263,BIJOU CR. NR WIGGINS CO,0.0,2017-06-02 12:10 America/Denver
20090801,3263,BIJOU CR. NR WIGGINS CO,0.0,2017-06-02 12:10 America/Denver
20090802,3263,BIJOU CR. NR WIGGINS CO,0.0,2017-06-02 12:10 America/Denver
20090803,3263,BIJOU CR. NR WIGGINS CO,0.0,2017-06-02 12:10 America/Denver
20090804,3263,BIJOU CR. NR WIGGINS CO,0.0,2017-06-02 12:10 America/Denver
20090805,3263,BIJOU CR. NR WIGGINS CO,0.0,2017-06-02 12:10 America/Denver
20090806,3263,BIJOU CR. NR WIGGINS CO,0.0,2017-06-02 12:10 America/Denver
20090807,3263,BIJOU CR. NR WIGGINS CO,0.0,2017-06-02 12:10 America/Denver
20090808,3263,BIJOU CR. NR WIGGINS CO,0.0,2017-06-02 12:10 America/Denver
20090809,3263,BIJOU CR. NR WIGGINS CO,0.0,2017-06-02 12:10 America/Denver
20090810,3263,BIJOU CR. NR WIGGINS CO,0.0,2017-06-02 12:10 America/Denver
20090811,3263,BIJOU CR. NR WIGGINS CO,0.0,2017-06-02 12:10 America/Denver
20090812,3263,BIJOU CR. NR WIGGINS CO,0.0,2017-06-02 12:10 America/Denver
20090813,3263,BIJOU CR. NR WIGGINS CO,0.0,2017-06-02 12:10 America/Denver
20090814,3263,BIJOU CR. NR WIGGINS CO,0.0,2017-06-02 12:10 America/Denver
20090815,3263,BIJOU CR. NR WIGGINS CO,0.0,2017-06-02 12:10 America/Denver
20090816,3263,BIJOU CR. NR WIGGINS CO,0.0,2017-06-02 12:10 America/Denver
20090817,3263,BIJOU CR. NR WIGGINS CO,0.0,2017-06-02 12:10 America/Denver
20090818,3263,BIJOU CR. NR WIGGINS CO,0.0,2017-06-02 12:10 America/Denver
20090819,3263,BIJOU CR. NR WIGGINS CO,0.0,2017-06-02 12:10 America/Denver
20090820,3263,BIJOU CR. NR WIGGINS CO,,2017-06-02 12:10 America/Denver
20090821,3263,BIJOU CR. NR WIGGINS CO,0.0,2017-06-02 12:10 America/Denver
20090822,3263,BIJOU CR. NR WIGGINS CO,0.0,2017-06-02 12:10 America/Denver
20090823,3263,BIJOU CR. NR WIGGINS CO,0.0,2017-06-02 12:10 America/Denver
20090824,3263,BIJOU CR. NR WIGGINS CO,0.0,2017-06-02 12:10 America/Denver
20090825,3263,BIJOU CR. NR WIGGINS CO,0.0,2017-06-02 12:10 America/Denver
20090826,3263,BIJOU CR. NR WIGGINS CO,0.0,2017-06-02 12:10 America/Denver
20090827,3263,BIJOU CR. NR WIGGINS CO,0.0,2017-06-02 12:10 America/Denver
20090828,3263,BIJOU CR. NR WIGGINS CO,0.0,2017-06-02 12:10 America/Denver
20090829,3263,BIJOU CR. NR WIGGINS CO,0.0,2017-06-02 12:10 America/Denver
20090830,3263,BIJOU CR. NR WIGGINS CO,0.0,2017-06-02 12:10 America/Denver
20090831,3263,BIJOU CR. NR WIGGINS CO,0.0,2017-06-02 12:10 America/Denver
20090901,3263,BIJOU CR. NR WIGGINS CO,0.0,2017-06-02 12:10 America/Denver
20090902,3263,BIJOU CR. NR WIGGINS CO,0.0,2017-06-02 12:10 America/Denver
20090903,3263,BIJOU CR. NR WIGGINS CO,0.0,2017-06-02 12:10 America/Denver
20090904,3263,BIJOU CR. NR WIGGINS CO,0.0,2017-06-02 12:10 America/Denver
20090905,3263,BIJOU CR. NR WIGGINS CO,0.0,2017-06-02 12:10 America/Denver
20090906,3263,BIJOU CR. NR WIGGINS CO,0.0,2017-06-02 12:10 America/Denver
20090907,3263,BIJOU CR. NR WIGGINS CO,0.0,2017-06-02 12:10 America/Denver
20090908,3263,BIJOU CR. NR WIGGINS CO,0.0,2017-06-02 12:10 America/Denver
20090909,3263,BIJOU CR. NR WIGGINS CO,0.0,2017-06-02 12:10 America/Denver
20090910,3263,BIJOU CR. NR WIGGINS CO,0.0,2017-06-02 12:10 America/Denver
20090911,3263,BIJOU CR. NR WIGGINS CO,0.0,2017-06-02 12:10 America/Denver
20090912,3263,BIJOU CR. NR WIGGINS CO,0.0,2017-06-02 12:10 America/Denver
20090913,3263,BIJOU CR. NR WIGGINS CO,0.0,2017-06-02 12:10 America/Denver
20090914,3263,BIJOU CR. NR WIGGINS CO,0.0,2017-06-02 12:10 America/Denver
20090915,3263,BIJOU CR. NR WIGGINS CO,0.0,2017-06-02 12:10 America/Denver
20090916,3263,BIJOU CR. NR WIGGINS CO,0.0,2017-06-02 12:10 America/Denver
20090917,3263,BIJOU CR. NR WIGGINS CO,0.0,2017-06-02 12:10 America/Denver
20090918,3263,BIJOU CR. NR WIGGINS CO,0.0,2017-06-02 12:10 America/Denver
20090919,3263,BIJOU CR. NR WIGGINS CO,0.0,2017-06-02 12:10 America/Denver
20090920,3263,BIJOU CR. NR WIGGINS CO,0.0,2017-06-02 12:10 America/Denver
20090921,3263,BIJOU CR. NR WIGGINS CO,0.0,2017-06-02 12:10 America/Denver
20090922,3263,BIJOU CR. NR WIGGINS CO,0.0,2017-06-02 12:10 America/Denver
20090923,3263,BIJOU CR. NR WIGGINS CO,0.0,2017-06-02 12:10 America/Denver
20090924,3263,BIJOU CR. NR WIGGINS CO,1.0,2017-06-02 12:10 America/Denver
20090925,3263,BIJOU CR. NR WIGGINS CO,0.0,2017-06-02 12:10 America/Denver
20090926,3263,BIJOU CR. NR WIGGINS CO,0.0,2017-06-02 12:10 America/Denver
20090927,3263,BIJOU CR. NR WIGGINS CO,0.0,2017-06-02 12:10 America/Denver
20090928,3263,BIJOU CR. NR WIGGINS CO,0.0,2017-06-02 12:10 America/Denver
20090929,3263,BIJOU CR. NR WIGGINS CO,0.0,2017-06-02 12:10 America/Denver
20090930,3263,BIJOU CR. NR WIGGINS CO,0.0,2017-06-02 12:10 America/Denver
20091001,3263,BIJOU CR. NR WIGGINS CO,0.0,2017-06-02 12:10 America/Denver
20091002,3263,BIJOU CR. NR WIGGINS CO,0.0,2017-06-02 12:10 America/Denver
20091003,3263,BIJOU CR. NR WIGGINS CO,0.0,2017-06-02 12:10 America/Denver
20091004,3263,BIJOU CR. NR WIGGINS CO,0.0,2017-06-02 12:10 America/Denver
20091005,3263,BIJOU CR. NR WIGGINS CO,0.0,2017-06-02 12:10 America/Denver
20091006,3263,BIJOU CR. NR WIGGINS CO,0.0,2017-06-02 12:10 America/Denver
20091007,3263,BIJOU CR. NR WIGGINS CO,0.0,2017-06-02 12:10 America/Denver
20091008,3263,BIJOU CR. NR WIGGINS CO,0.0,2017-06-02 12:10 America/Denver
20091009,3263,BIJOU CR. NR WIGGINS CO,2060.0,2017-06-02 12:10 America/Denver
20091010,3263,BIJOU CR. NR WIGGINS CO,2167.0,2017-06-02 12:10 America/Denver
20091011,3263,BIJOU CR. NR WIGGINS CO,5262.0,2017-06-02 12:10 America/Denver
20091012,3263,BIJOU CR. NR WIGGINS CO,5894.0,2017-06-02 12:10 America/Denver
20091013,3263,BIJOU CR. NR WIGGINS CO,4096.0,2017-06-02 12:10 America/Denver
20091014,3263,BIJOU CR. NR WIGGINS CO,167.0,2017-06-02 12:10 America/Denver
20091015,3263,BIJOU CR. NR WIGGINS CO,0.0,2017-06-02 12:10 America/Denver
20091016,3263,BIJOU CR. NR WIGGINS CO,0.0,2017-06-02 12:10 America/Denver
20091017,3263,BIJOU CR. NR WIGGINS CO,0.0,2017-06-02 12:10 America/Denver
20091018,3263,BIJOU CR. NR WIGGINS CO,0.0,2017-06-02 12:10 America/Denver
20091019,3263,BIJOU CR. NR WIGGINS CO,0.0,2017-06-02 12:10 America/Denver
20091020,3263,BIJOU CR. NR WIGGINS CO,0.0,2017-06-02 12:10 America/Denver
20091021,3263,BIJOU CR. NR WIGGINS CO,0.0,2017-06-02 12:10 America/Denver
20091022,3263,BIJOU CR. NR WIGGINS CO,82250.0,2017-06-02 12:10 America/Denver
20091023,3263,BIJOU CR. NR WIGGINS CO,89678.0,2017-06-02 12:10 America/Denver
20091024,3263,BIJOU CR. NR WIGGINS CO,75049.0,2017-06-02 12:10 America/Denver
20091025,3263,BIJOU CR. NR WIGGINS CO,38024.0,2017-06-02 12:10 America/Denver
20091026,3263,BIJOU CR. NR WIGGINS CO,38590.0,2017-06-02 12:10 America/Denver
20091027,3263,BIJOU CR. NR WIGGINS CO,30980.0,2017-06-02 12:10 America/Denver
20091028,3263,BIJOU CR. NR WIGGINS CO,19619.0,2017-06-02 12:10 America/Denver
20091029,3263,BIJOU CR. NR WIGGINS CO,65803.0,2017-06-02 12:10 America/Denver
20091030,3263,BIJOU CR. NR WIGGINS CO,136519.0,2017-06-02 12:10 America/Denver
20091031,3263,BIJOU CR. NR WIGGINS CO,105452.0,2017-06-02 12:10 America/Denver
20091101,3263,BIJOU CR. NR WIGGINS CO,45606.0,2017-06-02 12:10 America/Denver
20091102,3263,BIJOU CR. NR WIGGINS CO,16774.0,2017-06-02 12:10 America/Denver
20091103,3263,BIJOU CR. NR WIGGINS CO,15507.0,2017-06-02 12:10 America/Denver
20091104,3263,BIJOU CR. NR WIGGINS CO,706.0,2017-06-02 12:10 America/Denver
20091105,3263,BIJOU CR. NR WIGGINS CO,0.0,2017-06-02 12:10 America/Denver
20091106,3263,BIJOU CR. NR WIGGINS CO,0.0,2017-06-02 12:10 America/Denver
20091107,3263,BIJOU CR. NR WIGGINS CO,0.0,2017-06-02 12:10 America/Denver
20091108,3263,BIJOU CR. NR WIGGINS CO,0.0,2017-06-02 12:10 America/Denver
20091109,3263,BIJOU CR. NR WIGGINS CO,0.0,2017-06-02 12:10 America/Denver
20091110,3263,BIJOU CR. NR WIGGINS CO,0.0,2017-06-02 12:10 America/Denver
20091111,3263,BIJOU CR. NR WIGGINS CO,0.0,2017-06-02 12:10 America/Denver
20091112,3263,BIJOU CR. NR WIGGINS CO,0.0,2017-06-02 12:10 America/Denver
20091113,3263,BIJOU CR. NR WIGGINS CO,0.0,2017-06-02 12:10 America/Denver
20091114,3263,BIJOU CR. NR WIGGINS CO,1039.0,2017-06-02 12:10 America/Denver
20091115,3263,BIJOU CR. NR WIGGINS CO,10875.0,2017-06-02 12:10 America/Denver
20091116,3263,BIJOU CR. NR WIGGINS CO,64153.0,2017-06-02 12:10 America/Denver
20091117,3263,BIJOU CR. NR WIGGINS CO,42360.0,2017-06-02 12:10 America/Denver
20091118,3263,BIJOU CR. NR WIGGINS CO,26919.0,2017-06-02 12:10 America/Denver
20091119,3263,BIJOU CR. NR WIGGINS CO,19865.0,2017-06-02 12:10 America/Denver
20091120,3263,BIJOU CR. NR WIGGINS CO,14874.0,2017-06-02 12:10 America/Denver
20091121,3263,BIJOU CR. NR WIGGINS CO,3283.0,2017-06-02 12:10 America/Denver
20091122,3263,BIJOU CR. NR WIGGINS CO,1147.0,2017-06-02 12:10 America/Denver
20091123,3263,BIJOU CR. NR WIGGINS CO,989.0,2017-06-02 12:10 America/Denver
20091124,3263,BIJOU CR. NR WIGGINS CO,3604.0,2017-06-02 12:10 America/Denver
20091125,3263,BIJOU CR. NR WIGGINS CO,1672.0,2017-06-02 12:10 America/Denver
20091126,3263,BIJOU CR. NR WIGGINS CO,945.0,2017-06-02 12:10 America/Denver
20091127,3263,BIJOU CR. NR WIGGINS CO,397.0,2017-06-02 12:10 America/Denver
20091128,3263,BIJOU CR. NR WIGGINS CO,50.0,2017-06-02 12:10 America/Denver
20091129,3263,BIJOU CR. NR WIGGINS CO,1.0,2017-06-02 12:10 America/Denver
20091130,3263,BIJOU CR. NR WIGGINS CO,1.0,2017-06-02 12:10 America/Denver
20091201,3263,BIJOU CR. NR WIGGINS CO,0.0,2017-06-02 12:10 America/Denver
20091202,3263,BIJOU CR. NR WIGGINS CO,0.0,2017-06-02 12:10 America/Denver
20091203,3263,BIJOU CR. NR WIGGINS CO,5659.0,2017-06-02 12:10 America/Denver
20091204,3263,BIJOU CR. NR WIGGINS CO,7069.0,2017-06-02 12:10 America/Denver
20091205,3263,BIJOU CR. NR WIGGINS CO,5085.0,2017-06-02 12:10 America/Denver
20091206,3263,BIJOU CR. NR WIGGINS CO,3370.0,2017-06-02 12:10 America/Denver
20091207,3263,BIJOU CR. NR WIGGINS CO,15969.0,2017-06-02 12:10 America/Denver
20091208,3263,BIJOU CR. NR WIGGINS CO,17549.0,2017-06-02 12:10 America/Denver
20091209,3263,BIJOU CR. NR WIGGINS CO,33370.0,2017-06-02 12:10 America/Denver
20091210,3263,BIJOU CR. NR WIGGINS CO,33312.0,2017-06-02 12:10 America/Denver
20091211,3263,BIJOU CR. NR WIGGINS CO,31795.0,2017-06-02 12:10 America/Denver
20091212,3263,BIJOU CR. NR WIGGINS CO,29328.0,2017-06-02 12:10 America/Denver
20091213,3263,BIJOU CR. NR WIGGINS CO,23846.0,2017-06-02 12:10 America/Denver
20091214,3263,BIJOU CR. NR WIGGINS CO,1515.0,2017-06-02 12:10 America/Denver
20091215,3263,BIJOU CR. NR WIGGINS CO,1370.0,2017-06-02 12:10 America/Denver
20091216,3263,BIJOU CR. NR WIGGINS CO,706.0,2017-06-02 12:10 America/Denver
20091217,3263,BIJOU CR. NR WIGGINS CO,532.0,2017-06-02 12:10 America/Denver
20091218,3263,BIJOU CR. NR WIGGINS CO,195.0,2017-06-02 12:10 America/Denver
20091219,3263,BIJOU CR. NR WIGGINS CO,59.0,2017-06-02 12:10 America/Denver
20091220,3263,BIJOU CR. NR WIGGINS CO,53.0,2017-06-02 12:10 America/Denver
20091221,3263,BIJOU CR. NR WIGGINS CO,0.0,2017-06-02 12:10 America/Denver
20091222,3263,BIJOU CR. NR WIGGINS CO,0.0,2017-06-02 12:10 America/Denver
20091223,3263,BIJOU CR. NR WIGGINS CO,16442.0,2017-06-02 12:10 America/Denver
20091224,3263,BIJOU CR. NR WIGGINS CO,41489.0,2017-06-02 12:10 America/Denver
20091225,3263,BIJOU CR. NR WIGGINS CO,43966.0,2017-06-02 12:10 America/Denver
20091226,3263,BIJOU CR. NR WIGGINS CO,42986.0,2017-06-02 12:10 America/Denver
20091227,3263,BIJOU CR. NR WIGGINS CO,50228.0,2017-06-02 12:10 America/Denver
20091228,3263,BIJOU CR. NR WIGGINS CO,50030.0,2017-06-02 12:10 America/Denver
20091229,3263,BIJOU CR. NR WIGGINS CO,49504.0,2017-06-02 12:10 America/Denver
20091230,3263,BIJOU CR. NR WIGGINS CO,48902.0,2017-06-02 12:10 America/Denver
20091231,3263,BIJOU CR. NR WIGGINS CO,48063.0,2017-06-02 12:10 America/Denver
20100101,3263,BIJOU CR. NR WIGGINS CO,47669.0,2017-06-02 12:10 America/Denver
20100102,3263,BIJOU CR. NR WIGGINS CO,45368.0,2017-06-02 12:10 America/Denver
20100103,3263,BIJOU CR. NR WIGGINS CO,44324.0,2017-06-02 12:10 America/Denver
20100104,3263,BIJOU CR. NR WIGGINS CO,48446.0,2017-06-02 12:10 America/Denver
20100105,3263,BIJOU CR. NR WIGGINS CO,48625.0,2017-06-02 12:10 America/Denver
20100106,3263,BIJOU CR. NR WIGGINS CO,43477.0,2017-06-02 12:10 America/Denver
20100107,3263,BIJOU CR. NR WIGGINS CO,46382.0,2017-06-02 12:10 America/Denver
20100108,3263,BIJOU CR. NR WIGGINS CO,46381.0,2017-06-02 12:10 America/Denver
20100109,3263,BIJOU CR. NR WIGGINS CO,45901.0,2017-06-02 12:10 America/Denver
20100110,3263,BIJOU CR. NR WIGGINS CO,43657.0,2017-06-02 12:10 America/Denver
20100111,3263,BIJOU CR. NR WIGGINS CO,41502.0,2017-06-02 12:10 America/Denver
20100112,3263,BIJOU CR. NR WIGGINS CO,39391.0,2017-06-02 12:10 America/Denver
20100113,3263,BIJOU CR. NR WIGGINS CO,28362.0,2017-06-02 12:10 America/Denver
20100114,3263,BIJOU CR. NR WIGGINS CO,13217.0,2017-06-02 12:10 America/Denver
20100115,3263,BIJOU CR. NR WIGGINS CO,13294.0,2017-06-02 12:10 America/Denver
20100116,3263,BIJOU CR. NR WIGGINS CO,12991.0,2017-06-02 12:10 America/Denver
20100117,3263,BIJOU CR. NR WIGGINS CO,5232.0,2017-06-02 12:10 America/Denver
20100118,3263,BIJOU CR. NR WIGGINS CO,2446.0,2017-06-02 12:10 America/Denver
20100119,3263,BIJOU CR. NR WIGGINS CO,1915.0,2017-06-02 12:10 America/Denver
20100120,3263,BIJOU CR. NR WIGGINS CO,2123.0,2017-06-02 12:10 America/Denver
20100121,3263,BIJOU CR. NR WIGGINS CO,2137.0,2017-06-02 12:10 America/Denver
20100122,3263,BIJOU CR. NR WIGGINS CO,1985.0,2017-06-02 12:10 America/Denver
20100123,3263,BIJOU CR. NR WIGGINS CO,647.0,2017-06-02 12:10 America/Denver
20100124,3263,BIJOU CR. NR WIGGINS CO,560.0,2017-06-02 12:10 America/Denver
20100125,3263,BIJOU CR. NR WIGGINS CO,422.0,2017-06-02 12:10 America/Denver
20100126,3263,BIJOU CR. NR WIGGINS CO,283.0,2017-06-02 12:10 America/Denver
20100127,3263,BIJOU CR. NR WIGGINS CO,268.0,2017-06-02 12:10 America/Denver
20100128,3263,BIJOU CR. NR WIGGINS CO,4073.0,2017-06-02 12:10 America/Denver
20100129,3263,BIJOU CR. NR WIGGINS CO,12854.0,2017-06-02 12:10 America/Denver
20100130,3263,BIJOU CR. NR WIGGINS CO,15476.0,2017-06-02 12:10 America/Denver
20100131,3263,BIJOU CR. NR WIGGINS CO,7732.0,2017-06-02 12:10 America/Denver
20100201,3263,BIJOU CR. NR WIGGINS CO,6629.0,2017-06-02 12:10 America/Denver
20100202,3263,BIJOU CR. NR WIGGINS CO,1226.0,2017-06-02 12:10 America/Denver
20100203,3263,BIJOU CR. NR WIGGINS CO,15.0,2017-06-02 12:10 America/Denver
20100204,3263,BIJOU CR. NR WIGGINS CO,4840.0,2017-06-02 12:10 America/Denver
20100205,3263,BIJOU CR. NR WIGGINS CO,9961.0,2017-06-02 12:10 America/Denver
20100206,3263,BIJOU CR. NR WIGGINS CO,8321.0,2017-06-02 12:10 America/Denver
20100207,3263,BIJOU CR. NR WIGGINS CO,7454.0,2017-06-02 12:10 America/Denver
20100208,3263,BIJOU CR. NR WIGGINS CO,18534.0,2017-06-02 12:10 America/Denver
20100209,3263,BIJOU CR. NR WIGGINS CO,28055.0,2017-06-02 12:10 America/Denver
20100210,3263,BIJOU CR. NR WIGGINS CO,14234.0,2017-06-02 12:10 America/Denver
20100211,3263,BIJOU CR. NR WIGGINS CO,12720.0,2017-06-02 12:10 America/Denver
20100212,3263,BIJOU CR. NR WIGGINS CO,11394.0,2017-06-02 12:10 America/Denver
20100213,3263,BIJOU CR. NR WIGGINS CO,2097.0,2017-06-02 12:10 America/Denver
20100214,3263,BIJOU CR. NR WIGGINS CO,442.0,2017-06-02 12:10 America/Denver
20100215,3263,BIJOU CR. NR WIGGINS CO,1339.0,2017-06-02 12:10 America/Denver
20100216,3263,BIJOU CR. NR WIGGINS CO,491.0,2017-06-02 12:10 America/Denver
20100217,3263,BIJOU CR. NR WIGGINS CO,397.0,2017-06-02 12:10 America/Denver
20100218,3263,BIJOU CR. NR WIGGINS CO,374.0,2017-06-02 12:10 America/Denver
20100219,3263,BIJOU CR. NR WIGGINS CO,15953.0,2017-06-02 12:10 America/Denver
20100220,3263,BIJOU CR. NR WIGGINS CO,28743.0,2017-06-02 12:10 America/Denver
20100221,3263,BIJOU CR. NR WIGGINS CO,38687.0,2017-06-02 12:10 America/Denver
20100222,3263,BIJOU CR. NR WIGGINS CO,51158.0,2017-06-02 12:10 America/Denver
20100223,3263,BIJOU CR. NR WIGGINS CO,61731.0,2017-06-02 12:10 America/Denver
20100224,3263,BIJOU CR. NR WIGGINS CO,32035.0,2017-06-02 12:10 America/Denver
20100225,3263,BIJOU CR. NR WIGGINS CO,20487.0,2017-06-02 12:10 America/Denver
20100226,3263,BIJOU CR. NR WIGGINS CO,15919.0,2017-06-02 12:10 America/Denver
20100227,3263,BIJOU CR. NR WIGGINS CO,11993.0,2017-06-02 12:10 America/Denver
20100228,3263,BIJOU CR. NR WIGGINS CO,2656.0,2017-06-02 12:10 America/Denver
20100301,3263,BIJOU CR. NR WIGGINS CO,8441.0,2017-06-02 12:10 America/Denver
20100302,3263,BIJOU CR. NR WIGGINS CO,15308.0,2017-06-02 12:10 America/Denver
20100303,3263,BIJOU CR. NR WIGGINS CO,4397.0,2017-06-02 12:10 America/Denver
20100304,3263,BIJOU CR. NR WIGGINS CO,755.0,2017-06-02 12:10 America/Denver
20100305,3263,BIJOU CR. NR WIGGINS CO,18.0,2017-06-02 12:10 America/Denver
20100306,3263,BIJOU CR. NR WIGGINS CO,2.0,2017-06-02 12:10 America/Denver
20100307,3263,BIJOU CR. NR WIGGINS CO,0.0,2017-06-02 12:10 America/Denver
20100308,3263,BIJOU CR. NR WIGGINS CO,0.0,2017-06-02 12:10 America/Denver
20100309,3263,BIJOU CR. NR WIGGINS CO,792.0,2017-06-02 12:10 America/Denver
20100310,3263,BIJOU CR. NR WIGGINS CO,5.0,2017-06-02 12:10 America/Denver
20100311,3263,BIJOU CR. NR WIGGINS CO,934.0,2017-06-02 12:10 America/Denver
20100312,3263,BIJOU CR. NR WIGGINS CO,1200.0,2017-06-02 12:10 America/Denver
20100313,3263,BIJOU CR. NR WIGGINS CO,0.0,2017-06-02 12:10 America/Denver
20100314,3263,BIJOU CR. NR WIGGINS CO,0.0,2017-06-02 12:10 America/Denver
20100315,3263,BIJOU CR. NR WIGGINS CO,2117.0,2017-06-02 12:10 America/Denver
20100316,3263,BIJOU CR. NR WIGGINS CO,539.0,2017-06-02 12:10 America/Denver
20100317,3263,BIJOU CR. NR WIGGINS CO,0.0,2017-06-02 12:10 America/Denver
20100318,3263,BIJOU CR. NR WIGGINS CO,0.0,2017-06-02 12:10 America/Denver
20100319,3263,BIJOU CR. NR WIGGINS CO,0.0,2017-06-02 12:10 America/Denver
20100320,3263,BIJOU CR. NR WIGGINS CO,23737.0,2017-06-02 12:10 America/Denver
20100321,3263,BIJOU CR. NR WIGGINS CO,26309.0,2017-06-02 12:10 America/Denver
20100322,3263,BIJOU CR. NR WIGGINS CO,960.0,2017-06-02 12:10 America/Denver
20100323,3263,BIJOU CR. NR WIGGINS CO,0.0,2017-06-02 12:10 America/Denver
20100324,3263,BIJOU CR. NR WIGGINS CO,24485.0,2017-06-02 12:10 America/Denver
20100325,3263,BIJOU CR. NR WIGGINS CO,46530.0,2017-06-02 12:10 America/Denver
20100326,3263,BIJOU CR. NR WIGGINS CO,12645.0,2017-06-02 12:10 America/Denver
20100327,3263,BIJOU CR. NR WIGGINS CO,8613.0,2017-06-02 12:10 America/Denver
20100328,3263,BIJOU CR. NR WIGGINS CO,5101.0,2017-06-02 12:10 America/Denver
20100329,3263,BIJOU CR. NR WIGGINS CO,1780.0,2017-06-02 12:10 America/Denver
20100330,3263,BIJOU CR. NR WIGGINS CO,0.0,2017-06-02 12:10 America/Denver
20100331,3263,BIJOU CR. NR WIGGINS CO,0.0,2017-06-02 12:10 America/Denver
20100401,3263,BIJOU CR. NR WIGGINS CO,0.0,2017-06-02 12:10 America/Denver
20100402,3263,BIJOU CR. NR WIGGINS CO,0.0,2017-06-02 12:10 America/Denver
20100403,3263,BIJOU CR. NR WIGGINS CO,0.0,2017-06-02 12:10 America/Denver
20100404,3263,BIJOU CR. NR WIGGINS CO,0.0,2017-06-02 12:10 America/Denver
20100405,3263,BIJOU CR. NR WIGGINS CO,0.0,2017-06-02 12:10 America/Denver
20100406,3263,BIJOU CR. NR WIGGINS CO,0.0,2017-06-02 12:10 America/Denver
20100407,3263,BIJOU CR. NR WIGGINS CO,0.0,2017-06-02 12:10 America/Denver
20100408,3263,BIJOU CR. NR WIGGINS CO,821.0,2017-06-02 12:10 America/Denver
20100409,3263,BIJOU CR. NR WIGGINS CO,0.0,2017-06-02 12:10 America/Denver
20100410,3263,BIJOU CR. NR WIGGINS CO,0.0,2017-06-02 12:10 America/Denver
20100411,3263,BIJOU CR. NR WIGGINS CO,0.0,2017-06-02 12:10 America/Denver
20100412,3263,BIJOU CR. NR WIGGINS CO,0.0,2017-06-02 12:10 America/Denver
20100413,3263,BIJOU CR. NR WIGGINS CO,0.0,2017-06-02 12:10 America/Denver
20100414,3263,BIJOU CR. NR WIGGINS CO,0.0,2017-06-02 12:10 America/Denver
20100415,3263,BIJOU CR. NR WIGGINS CO,0.0,2017-06-02 12:10 America/Denver
20100416,3263,BIJOU CR. NR WIGGINS CO,0.0,2017-06-02 12:10 America/Denver
20100417,3263,BIJOU CR. NR WIGGINS CO,0.0,2017-06-02 12:10 America/Denver
20100418,3263,BIJOU CR. NR WIGGINS CO,0.0,2017-06-02 12:10 America/Denver
20100419,3263,BIJOU CR. NR WIGGINS CO,0.0,2017-06-02 12:10 America/Denver
20100420,3263,BIJOU CR. NR WIGGINS CO,0.0,2017-06-02 12:10 America/Denver
20100421,3263,BIJOU CR. NR WIGGINS CO,0.0,2017-06-02 12:10 America/Denver
20100422,3263,BIJOU CR. NR WIGGINS CO,0.0,2017-06-02 12:10 America/Denver
20100423,3263,BIJOU CR. NR WIGGINS CO,0.0,2017-06-02 12:10 America/Denver
20100424,3263,BIJOU CR. NR WIGGINS CO,101.0,2017-06-02 12:10 America/Denver
20100425,3263,BIJOU CR. NR WIGGINS CO,22.0,2017-06-02 12:10 America/Denver
20100426,3263,BIJOU CR. NR WIGGINS CO,190.0,2017-06-02 12:10 America/Denver
20100427,3263,BIJOU CR. NR WIGGINS CO,682.0,2017-06-02 12:10 America/Denver
20100428,3263,BIJOU CR. NR WIGGINS CO,0.0,2017-06-02 12:10 America/Denver
20100429,3263,BIJOU CR. NR WIGGINS CO,0.0,2017-06-02 12:10 America/Denver
20100430,3263,BIJOU CR. NR WIGGINS CO,0.0,2017-06-02 12:10 America/Denver
20100501,3263,BIJOU CR. NR WIGGINS CO,0.0,2017-06-02 12:10 America/Denver
20100502,3263,BIJOU CR. NR WIGGINS CO,0.0,2017-06-02 12:10 America/Denver
20100503,3263,BIJOU CR. NR WIGGINS CO,0.0,2017-06-02 12:10 America/Denver
20100504,3263,BIJOU CR. NR WIGGINS CO,0.0,2017-06-02 12:10 America/Denver
20100505,3263,BIJOU CR. NR WIGGINS CO,0.0,2017-06-02 12:10 America/Denver
20100506,3263,BIJOU CR. NR WIGGINS CO,0.0,2017-06-02 12:10 America/Denver
20100507,3263,BIJOU CR. NR WIGGINS CO,0.0,2017-06-02 12:10 America/Denver
20100508,3263,BIJOU CR. NR WIGGINS CO,0.0,2017-06-02 12:10 America/Denver
20100509,3263,BIJOU CR. NR WIGGINS CO,0.0,2017-06-02 12:10 America/Denver
20100510,3263,BIJOU CR. NR WIGGINS CO,0.0,2017-06-02 12:10 America/Denver
20100511,3263,BIJOU CR. NR WIGGINS CO,0.0,2017-06-02 12:10 America/Denver
20100512,3263,BIJOU CR. NR WIGGINS CO,0.0,2017-06-02 12:10 America/Denver
20100513,3263,BIJOU CR. NR WIGGINS CO,55.0,2017-06-02 12:10 America/Denver
20100514,3263,BIJOU CR. NR WIGGINS CO,58.0,2017-06-02 12:10 America/Denver
20100515,3263,BIJOU CR. NR WIGGINS CO,0.0,2017-06-02 12:10 America/Denver
20100516,3263,BIJOU CR. NR WIGGINS CO,0.0,2017-06-02 12:10 America/Denver
20100517,3263,BIJOU CR. NR WIGGINS CO,0.0,2017-06-02 12:10 America/Denver
20100518,3263,BIJOU CR. NR WIGGINS CO,0.0,2017-06-02 12:10 America/Denver
20100519,3263,BIJOU CR. NR WIGGINS CO,0.0,2017-06-02 12:10 America/Denver
20100520,3263,BIJOU CR. NR WIGGINS CO,0.0,2017-06-02 12:10 America/Denver
20100521,3263,BIJOU CR. NR WIGGINS CO,0.0,2017-06-02 12:10 America/Denver
20100522,3263,BIJOU CR. NR WIGGINS CO,0.0,2017-06-02 12:10 America/Denver
20100523,3263,BIJOU CR. NR WIGGINS CO,0.0,2017-06-02 12:10 America/Denver
20100524,3263,BIJOU CR. NR WIGGINS CO,0.0,2017-06-02 12:10 America/Denver
20100525,3263,BIJOU CR. NR WIGGINS CO,0.0,2017-06-02 12:10 America/Denver
20100526,3263,BIJOU CR. NR WIGGINS CO,0.0,2017-06-02 12:10 America/Denver
20100527,3263,BIJOU CR. NR WIGGINS CO,0.0,2017-06-02 12:10 America/Denver
20100528,3263,BIJOU CR. NR WIGGINS CO,0.0,2017-06-02 12:10 America/Denver
20100529,3263,BIJOU CR. NR WIGGINS CO,0.0,2017-06-02 12:10 America/Denver
20100530,3263,BIJOU CR. NR WIGGINS CO,0.0,2017-06-02 12:10 America/Denver
20100531,3263,BIJOU CR. NR WIGGINS CO,0.0,2017-06-02 12:10 America/Denver
20100601,3263,BIJOU CR. NR WIGGINS CO,0.0,2017-06-02 12:10 America/Denver
20100602,3263,BIJOU CR. NR WIGGINS CO,0.0,2017-06-02 12:10 America/Denver
20100603,3263,BIJOU CR. NR WIGGINS CO,0.0,2017-06-02 12:10 America/Denver
20100604,3263,BIJOU CR. NR WIGGINS CO,0.0,2017-06-02 12:10 America/Denver
20100605,3263,BIJOU CR. NR WIGGINS CO,0.0,2017-06-02 12:10 America/Denver
20100606,3263,BIJOU CR. NR WIGGINS CO,0.0,2017-06-02 12:10 America/Denver
20100607,3263,BIJOU CR. NR WIGGINS CO,0.0,2017-06-02 12:10 America/Denver
20100608,3263,BIJOU CR. NR WIGGINS CO,0.0,2017-06-02 12:10 America/Denver
20100609,3263,BIJOU CR. NR WIGGINS CO,0.0,2017-06-02 12:10 America/Denver
20100610,3263,BIJOU CR. NR WIGGINS CO,0.0,2017-06-02 12:10 America/Denver
20100611,3263,BIJOU CR. NR WIGGINS CO,0.0,2017-06-02 12:10 America/Denver
20100612,3263,BIJOU CR. NR WIGGINS CO,0.0,2017-06-02 12:10 America/Denver
20100613,3263,BIJOU CR. NR WIGGINS CO,0.0,2017-06-02 12:10 America/Denver
20100614,3263,BIJOU CR. NR WIGGINS CO,0.0,2017-06-02 12:10 America/Denver
20100615,3263,BIJOU CR. NR WIGGINS CO,0.0,2017-06-02 12:10 America/Denver
20100616,3263,BIJOU CR. NR WIGGINS CO,0.0,2017-06-02 12:10 America/Denver
20100617,3263,BIJOU CR. NR WIGGINS CO,0.0,2017-06-02 12:10 America/Denver
20100618,3263,BIJOU CR. NR WIGGINS CO,0.0,2017-06-02 12:10 America/Denver
20100619,3263,BIJOU CR. NR WIGGINS CO,0.0,2017-06-02 12:10 America/Denver
20100620,3263,BIJOU CR. NR WIGGINS CO,0.0,2017-06-02 12:10 America/Denver
20100621,3263,BIJOU CR. NR WIGGINS CO,0.0,2017-06-02 12:10 America/Denver
20100622,3263,BIJOU CR. NR WIGGINS CO,0.0,2017-06-02 12:10 America/Denver
20100623,3263,BIJOU CR. NR WIGGINS CO,0.0,2017-06-02 12:10 America/Denver
20100624,3263,BIJOU CR. NR WIGGINS CO,0.0,2017-06-02 12:10 America/Denver
20100625,3263,BIJOU CR. NR WIGGINS CO,0.0,2017-06-02 12:10 America/Denver
20100626,3263,BIJOU CR. NR WIGGINS CO,0.0,2017-06-02 12:10 America/Denver
20100627,3263,BIJOU CR. NR WIGGINS CO,0.0,2017-06-02 12:10 America/Denver
20100628,3263,BIJOU CR. NR WIGGINS CO,0.0,2017-06-02 12:10 America/Denver
20100629,3263,BIJOU CR. NR WIGGINS CO,0.0,2017-06-02 12:10 America/Denver
20100630,3263,BIJOU CR. NR WIGGINS CO,0.0,2017-06-02 12:10 America/Denver
20100701,3263,BIJOU CR. NR WIGGINS CO,0.0,2017-06-02 12:10 America/Denver
20100702,3263,BIJOU CR. NR WIGGINS CO,0.0,2017-06-02 12:10 America/Denver
20100703,3263,BIJOU CR. NR WIGGINS CO,0.0,2017-06-02 12:10 America/Denver
20100704,3263,BIJOU CR. NR WIGGINS CO,0.0,2017-06-02 12:10 America/Denver
20100705,3263,BIJOU CR. NR WIGGINS CO,0.0,2017-06-02 12:10 America/Denver
20100706,3263,BIJOU CR. NR WIGGINS CO,0.0,2017-06-02 12:10 America/Denver
20100707,3263,BIJOU CR. NR WIGGINS CO,0.0,2017-06-02 12:10 America/Denver
20100708,3263,BIJOU CR. NR WIGGINS CO,0.0,2017-06-02 12:10 America/Denver
20100709,3263,BIJOU CR. NR WIGGINS CO,0.0,2017-06-02 12:10 America/Denver
20100710,3263,BIJOU CR. NR WIGGINS CO,0.0,2017-06-02 12:10 America/Denver
20100711,3263,BIJOU CR. NR WIGGINS CO,0.0,2017-06-02 12:10 America/Denver
20100712,3263,BIJOU CR. NR WIGGINS CO,0.0,2017-06-02 12:10 America/Denver
20100713,3263,BIJOU CR. NR WIGGINS CO,0.0,2017-06-02 12:10 America/Denver
20100714,3263,BIJOU CR. NR WIGGINS CO,0.0,2017-06-02 12:10 America/Denver
20100715,3263,BIJOU CR. NR WIGGINS CO,0.0,2017-06-02 12:10 America/Denver
20100716,3263,BIJOU CR. NR WIGGINS CO,0.0,2017-06-02 12:10 America/Denver
20100717,3263,BIJOU CR. NR WIGGINS CO,0.0,2017-06-02 12:10 America/Denver
20100718,3263,BIJOU CR. NR WIGGINS CO,0.0,2017-06-02 12:10 America/Denver
20100719,3263,BIJOU CR. NR WIGGINS CO,0.0,2017-06-02 12:10 America/Denver
20100720,3263,BIJOU CR. NR WIGGINS CO,0.0,2017-06-02 12:10 America/Denver
20100721,3263,BIJOU CR. NR WIGGINS CO,0.0,2017-06-02 12:10 America/Denver
20100722,3263,BIJOU CR. NR WIGGINS CO,0.0,2017-06-02 12:10 America/Denver
20100723,3263,BIJOU CR. NR WIGGINS CO,0.0,2017-06-02 12:10 America/Denver
20100724,3263,BIJOU CR. NR WIGGINS CO,0.0,2017-06-02 12:10 America/Denver
20100725,3263,BIJOU CR. NR WIGGINS CO,0.0,2017-06-02 12:10 America/Denver
20100726,3263,BIJOU CR. NR WIGGINS CO,0.0,2017-06-02 12:10 America/Denver
20100727,3263,BIJOU CR. NR WIGGINS CO,0.0,2017-06-02 12:10 America/Denver
20100728,3263,BIJOU CR. NR WIGGINS CO,0.0,2017-06-02 12:10 America/Denver
20100729,3263,BIJOU CR. NR WIGGINS CO,0.0,2017-06-02 12:10 America/Denver
20100730,3263,BIJOU CR. NR WIGGINS CO,0.0,2017-06-02 12:10 America/Denver
20100731,3263,BIJOU CR. NR WIGGINS CO,0.0,2017-06-02 12:10 America/Denver
20100801,3263,BIJOU CR. NR WIGGINS CO,0.0,2017-06-02 12:10 America/Denver
20100802,3263,BIJOU CR. NR WIGGINS CO,0.0,2017-06-02 12:10 America/Denver
20100803,3263,BIJOU CR. NR WIGGINS CO,0.0,2017-06-02 12:10 America/Denver
20100804,3263,BIJOU CR. NR WIGGINS CO,0.0,2017-06-02 12:10 America/Denver
20100805,3263,BIJOU CR. NR WIGGINS CO,0.0,2017-06-02 12:10 America/Denver
20100806,3263,BIJOU CR. NR WIGGINS CO,0.0,2017-06-02 12:10 America/Denver
20100807,3263,BIJOU CR. NR WIGGINS CO,0.0,2017-06-02 12:10 America/Denver
20100808,3263,BIJOU CR. NR WIGGINS CO,0.0,2017-06-02 12:10 America/Denver
20100809,3263,BIJOU CR. NR WIGGINS CO,0.0,2017-06-02 12:10 America/Denver
20100810,3263,BIJOU CR. NR WIGGINS CO,0.0,2017-06-02 12:10 America/Denver
20100811,3263,BIJOU CR. NR WIGGINS CO,0.0,2017-06-02 12:10 America/Denver
20100812,3263,BIJOU CR. NR WIGGINS CO,0.0,2017-06-02 12:10 America/Denver
20100813,3263,BIJOU CR. NR WIGGINS CO,0.0,2017-06-02 12:10 America/Denver
20100814,3263,BIJOU CR. NR WIGGINS CO,0.0,2017-06-02 12:10 America/Denver
20100815,3263,BIJOU CR. NR WIGGINS CO,0.0,2017-06-02 12:10 America/Denver
20100816,3263,BIJOU CR. NR WIGGINS CO,0.0,2017-06-02 12:10 America/Denver
20100817,3263,BIJOU CR. NR WIGGINS CO,0.0,2017-06-02 12:10 America/Denver
20100818,3263,BIJOU CR. NR WIGGINS CO,0.0,2017-06-02 12:10 America/Denver
20100819,3263,BIJOU CR. NR WIGGINS CO,0.0,2017-06-02 12:10 America/Denver
20100820,3263,BIJOU CR. NR WIGGINS CO,0.0,2017-06-02 12:10 America/Denver
20100821,3263,BIJOU CR. NR WIGGINS CO,0.0,2017-06-02 12:10 America/Denver
20100822,3263,BIJOU CR. NR WIGGINS CO,0.0,2017-06-02 12:10 America/Denver
20100823,3263,BIJOU CR. NR WIGGINS CO,0.0,2017-06-02 12:10 America/Denver
20100824,3263,BIJOU CR. NR WIGGINS CO,0.0,2017-06-02 12:10 America/Denver
20100825,3263,BIJOU CR. NR WIGGINS CO,0.0,2017-06-02 12:10 America/Denver
20100826,3263,BIJOU CR. NR WIGGINS CO,0.0,2017-06-02 12:10 America/Denver
20100827,3263,BIJOU CR. NR WIGGINS CO,0.0,2017-06-02 12:10 America/Denver
20100828,3263,BIJOU CR. NR WIGGINS CO,0.0,2017-06-02 12:10 America/Denver
20100829,3263,BIJOU CR. NR WIGGINS CO,0.0,2017-06-02 12:10 America/Denver
20100830,3263,BIJOU CR. NR WIGGINS CO,0.0,2017-06-02 12:10 America/Denver
20100831,3263,BIJOU CR. NR WIGGINS CO,0.0,2017-06-02 12:10 America/Denver
20100901,3263,BIJOU CR. NR WIGGINS CO,0.0,2017-06-02 12:10 America/Denver
20100902,3263,BIJOU CR. NR WIGGINS CO,0.0,2017-06-02 12:10 America/Denver
20100903,3263,BIJOU CR. NR WIGGINS CO,0.0,2017-06-02 12:10 America/Denver
20100904,3263,BIJOU CR. NR WIGGINS CO,0.0,2017-06-02 12:10 America/Denver
20100905,3263,BIJOU CR. NR WIGGINS CO,0.0,2017-06-02 12:10 America/Denver
20100906,3263,BIJOU CR. NR WIGGINS CO,0.0,2017-06-02 12:10 America/Denver
20100907,3263,BIJOU CR. NR WIGGINS CO,0.0,2017-06-02 12:10 America/Denver
20100908,3263,BIJOU CR. NR WIGGINS CO,0.0,2017-06-02 12:10 America/Denver
20100909,3263,BIJOU CR. NR WIGGINS CO,0.0,2017-06-02 12:10 America/Denver
20100910,3263,BIJOU CR. NR WIGGINS CO,0.0,2017-06-02 12:10 America/Denver
20100911,3263,BIJOU CR. NR WIGGINS CO,0.0,2017-06-02 12:10 America/Denver
20100912,3263,BIJOU CR. NR WIGGINS CO,0.0,2017-06-02 12:10 America/Denver
20100913,3263,BIJOU CR. NR WIGGINS CO,0.0,2017-06-02 12:10 America/Denver
20100914,3263,BIJOU CR. NR WIGGINS CO,0.0,2017-06-02 12:10 America/Denver
20100915,3263,BIJOU CR. NR WIGGINS CO,0.0,2017-06-02 12:10 America/Denver
20100916,3263,BIJOU CR. NR WIGGINS CO,0.0,2017-06-02 12:10 America/Denver
20100917,3263,BIJOU CR. NR WIGGINS CO,0.0,2017-06-02 12:10 America/Denver
20100918,3263,BIJOU CR. NR WIGGINS CO,0.0,2017-06-02 12:10 America/Denver
20100919,3263,BIJOU CR. NR WIGGINS CO,0.0,2017-06-02 12:10 America/Denver
20100920,3263,BIJOU CR. NR WIGGINS CO,0.0,2017-06-02 12:10 America/Denver
20100921,3263,BIJOU CR. NR WIGGINS CO,0.0,2017-06-02 12:10 America/Denver
20100922,3263,BIJOU CR. NR WIGGINS CO,0.0,2017-06-02 12:10 America/Denver
20100923,3263,BIJOU CR. NR WIGGINS CO,0.0,2017-06-02 12:10 America/Denver
20100924,3263,BIJOU CR. NR WIGGINS CO,0.0,2017-06-02 12:10 America/Denver
20100925,3263,BIJOU CR. NR WIGGINS CO,0.0,2017-06-02 12:10 America/Denver
20100926,3263,BIJOU CR. NR WIGGINS CO,0.0,2017-06-02 12:10 America/Denver
20100927,3263,BIJOU CR. NR WIGGINS CO,0.0,2017-06-02 12:10 America/Denver
20100928,3263,BIJOU CR. NR WIGGINS CO,0.0,2017-06-02 12:10 America/Denver
20100929,3263,BIJOU CR. NR WIGGINS CO,0.0,2017-06-02 12:10 America/Denver
20100930,3263,BIJOU CR. NR WIGGINS CO,0.0,2017-06-02 12:10 America/Denver
20101001,3263,BIJOU CR. NR WIGGINS CO,0.0,2017-06-02 12:10 America/Denver
20101002,3263,BIJOU CR. NR WIGGINS CO,0.0,2017-06-02 12:10 America/Denver
20101003,3263,BIJOU CR. NR WIGGINS CO,0.0,2017-06-02 12:10 America/Denver
20101004,3263,BIJOU CR. NR WIGGINS CO,0.0,2017-06-02 12:10 America/Denver
20101005,3263,BIJOU CR. NR WIGGINS CO,0.0,2017-06-02 12:10 America/Denver
20101006,3263,BIJOU CR. NR WIGGINS CO,0.0,2017-06-02 12:10 America/Denver
20101007,3263,BIJOU CR. NR WIGGINS CO,0.0,2017-06-02 12:10 America/Denver
20101008,3263,BIJOU CR. NR WIGGINS CO,0.0,2017-06-02 12:10 America/Denver
20101009,3263,BIJOU CR. NR WIGGINS CO,0.0,2017-06-02 12:10 America/Denver
20101010,3263,BIJOU CR. NR WIGGINS CO,0.0,2017-06-02 12:10 America/Denver
20101011,3263,BIJOU CR. NR WIGGINS CO,0.0,2017-06-02 12:10 America/Denver
20101012,3263,BIJOU CR. NR WIGGINS CO,0.0,2017-06-02 12:10 America/Denver
20101013,3263,BIJOU CR. NR WIGGINS CO,0.0,2017-06-02 12:10 America/Denver
20101014,3263,BIJOU CR. NR WIGGINS CO,0.0,2017-06-02 12:10 America/Denver
20101015,3263,BIJOU CR. NR WIGGINS CO,0.0,2017-06-02 12:10 America/Denver
20101016,3263,BIJOU CR. NR WIGGINS CO,0.0,2017-06-02 12:10 America/Denver
20101017,3263,BIJOU CR. NR WIGGINS CO,0.0,2017-06-02 12:10 America/Denver
20101018,3263,BIJOU CR. NR WIGGINS CO,0.0,2017-06-02 12:10 America/Denver
20101019,3263,BIJOU CR. NR WIGGINS CO,0.0,2017-06-02 12:10 America/Denver
20101020,3263,BIJOU CR. NR WIGGINS CO,0.0,2017-06-02 12:10 America/Denver
20101021,3263,BIJOU CR. NR WIGGINS CO,0.0,2017-06-02 12:10 America/Denver
20101022,3263,BIJOU CR. NR WIGGINS CO,0.0,2017-06-02 12:10 America/Denver
20101023,3263,BIJOU CR. NR WIGGINS CO,0.0,2017-06-02 12:10 America/Denver
20101024,3263,BIJOU CR. NR WIGGINS CO,0.0,2017-06-02 12:10 America/Denver
20101025,3263,BIJOU CR. NR WIGGINS CO,0.0,2017-06-02 12:10 America/Denver
20101026,3263,BIJOU CR. NR WIGGINS CO,0.0,2017-06-02 12:10 America/Denver
20101027,3263,BIJOU CR. NR WIGGINS CO,0.0,2017-06-02 12:10 America/Denver
20101028,3263,BIJOU CR. NR WIGGINS CO,0.0,2017-06-02 12:10 America/Denver
20101029,3263,BIJOU CR. NR WIGGINS CO,0.0,2017-06-02 12:10 America/Denver
20101030,3263,BIJOU CR. NR WIGGINS CO,0.0,2017-06-02 12:10 America/Denver
20101031,3263,BIJOU CR. NR WIGGINS CO,0.0,2017-06-02 12:10 America/Denver
20101101,3263,BIJOU CR. NR WIGGINS CO,0.0,2017-06-02 12:10 America/Denver
20101102,3263,BIJOU CR. NR WIGGINS CO,0.0,2017-06-02 12:10 America/Denver
20101103,3263,BIJOU CR. NR WIGGINS CO,0.0,2017-06-02 12:10 America/Denver
20101104,3263,BIJOU CR. NR WIGGINS CO,0.0,2017-06-02 12:10 America/Denver
20101105,3263,BIJOU CR. NR WIGGINS CO,0.0,2017-06-02 12:10 America/Denver
20101106,3263,BIJOU CR. NR WIGGINS CO,0.0,2017-06-02 12:10 America/Denver
20101107,3263,BIJOU CR. NR WIGGINS CO,0.0,2017-06-02 12:10 America/Denver
20101108,3263,BIJOU CR. NR WIGGINS CO,0.0,2017-06-02 12:10 America/Denver
20101109,3263,BIJOU CR. NR WIGGINS CO,0.0,2017-06-02 12:10 America/Denver
20101110,3263,BIJOU CR. NR WIGGINS CO,3732.0,2017-06-02 12:10 America/Denver
20101111,3263,BIJOU CR. NR WIGGINS CO,2969.0,2017-06-02 12:10 America/Denver
20101112,3263,BIJOU CR. NR WIGGINS CO,3255.0,2017-06-02 12:10 America/Denver
20101113,3263,BIJOU CR. NR WIGGINS CO,3186.0,2017-06-02 12:10 America/Denver
20101114,3263,BIJOU CR. NR WIGGINS CO,5333.0,2017-06-02 12:10 America/Denver
20101115,3263,BIJOU CR. NR WIGGINS CO,5203.0,2017-06-02 12:10 America/Denver
20101116,3263,BIJOU CR. NR WIGGINS CO,3229.0,2017-06-02 12:10 America/Denver
20101117,3263,BIJOU CR. NR WIGGINS CO,3912.0,2017-06-02 12:10 America/Denver
20101118,3263,BIJOU CR. NR WIGGINS CO,6547.0,2017-06-02 12:10 America/Denver
20101119,3263,BIJOU CR. NR WIGGINS CO,0.0,2017-06-02 12:10 America/Denver
20101120,3263,BIJOU CR. NR WIGGINS CO,0.0,2017-06-02 12:10 America/Denver
20101121,3263,BIJOU CR. NR WIGGINS CO,0.0,2017-06-02 12:10 America/Denver
20101122,3263,BIJOU CR. NR WIGGINS CO,0.0,2017-06-02 12:10 America/Denver
20101123,3263,BIJOU CR. NR WIGGINS CO,0.0,2017-06-02 12:10 America/Denver
20101124,3263,BIJOU CR. NR WIGGINS CO,0.0,2017-06-02 12:10 America/Denver
20101125,3263,BIJOU CR. NR WIGGINS CO,0.0,2017-06-02 12:10 America/Denver
20101126,3263,BIJOU CR. NR WIGGINS CO,0.0,2017-06-02 12:10 America/Denver
20101127,3263,BIJOU CR. NR WIGGINS CO,0.0,2017-06-02 12:10 America/Denver
20101128,3263,BIJOU CR. NR WIGGINS CO,0.0,2017-06-02 12:10 America/Denver
20101129,3263,BIJOU CR. NR WIGGINS CO,12981.0,2017-06-02 12:10 America/Denver
20101130,3263,BIJOU CR. NR WIGGINS CO,8529.0,2017-06-02 12:10 America/Denver
20101201,3263,BIJOU CR. NR WIGGINS CO,6686.0,2017-06-02 12:10 America/Denver
20101202,3263,BIJOU CR. NR WIGGINS CO,236.0,2017-06-02 12:10 America/Denver
20101203,3263,BIJOU CR. NR WIGGINS CO,0.0,2017-06-02 12:10 America/Denver
20101204,3263,BIJOU CR. NR WIGGINS CO,0.0,2017-06-02 12:10 America/Denver
20101205,3263,BIJOU CR. NR WIGGINS CO,0.0,2017-06-02 12:10 America/Denver
20101206,3263,BIJOU CR. NR WIGGINS CO,0.0,2017-06-02 12:10 America/Denver
20101207,3263,BIJOU CR. NR WIGGINS CO,0.0,2017-06-02 12:10 America/Denver
20101208,3263,BIJOU CR. NR WIGGINS CO,0.0,2017-06-02 12:10 America/Denver
20101209,3263,BIJOU CR. NR WIGGINS CO,0.0,2017-06-02 12:10 America/Denver
20101210,3263,BIJOU CR. NR WIGGINS CO,0.0,2017-06-02 12:10 America/Denver
20101211,3263,BIJOU CR. NR WIGGINS CO,0.0,2017-06-02 12:10 America/Denver
20101212,3263,BIJOU CR. NR WIGGINS CO,0.0,2017-06-02 12:10 America/Denver
20101213,3263,BIJOU CR. NR WIGGINS CO,0.0,2017-06-02 12:10 America/Denver
20101214,3263,BIJOU CR. NR WIGGINS CO,0.0,2017-06-02 12:10 America/Denver
20101215,3263,BIJOU CR. NR WIGGINS CO,0.0,2017-06-02 12:10 America/Denver
20101216,3263,BIJOU CR. NR WIGGINS CO,1136.0,2017-06-02 12:10 America/Denver
20101217,3263,BIJOU CR. NR WIGGINS CO,935.0,2017-06-02 12:10 America/Denver
20101218,3263,BIJOU CR. NR WIGGINS CO,1578.0,2017-06-02 12:10 America/Denver
20101219,3263,BIJOU CR. NR WIGGINS CO,1418.0,2017-06-02 12:10 America/Denver
20101220,3263,BIJOU CR. NR WIGGINS CO,0.0,2017-06-02 12:10 America/Denver
20101221,3263,BIJOU CR. NR WIGGINS CO,0.0,2017-06-02 12:10 America/Denver
20101222,3263,BIJOU CR. NR WIGGINS CO,0.0,2017-06-02 12:10 America/Denver
20101223,3263,BIJOU CR. NR WIGGINS CO,0.0,2017-06-02 12:10 America/Denver
20101224,3263,BIJOU CR. NR WIGGINS CO,0.0,2017-06-02 12:10 America/Denver
20101225,3263,BIJOU CR. NR WIGGINS CO,0.0,2017-06-02 12:10 America/Denver
20101226,3263,BIJOU CR. NR WIGGINS CO,0.0,2017-06-02 12:10 America/Denver
20101227,3263,BIJOU CR. NR WIGGINS CO,0.0,2017-06-02 12:10 America/Denver
20101228,3263,BIJOU CR. NR WIGGINS CO,0.0,2017-06-02 12:10 America/Denver
20101229,3263,BIJOU CR. NR WIGGINS CO,0.0,2017-06-02 12:10 America/Denver
20101230,3263,BIJOU CR. NR WIGGINS CO,0.0,2017-06-02 12:10 America/Denver
20101231,3263,BIJOU CR. NR WIGGINS CO,23174.0,2017-06-02 12:10 America/Denver
20110101,3263,BIJOU CR. NR WIGGINS CO,41091.0,2017-06-02 12:10 America/Denver
20110102,3263,BIJOU CR. NR WIGGINS CO,40046.0,2017-06-02 12:10 America/Denver
20110103,3263,BIJOU CR. NR WIGGINS CO,37814.0,2017-06-02 12:10 America/Denver
20110104,3263,BIJOU CR. NR WIGGINS CO,36710.0,2017-06-02 12:10 America/Denver
20110105,3263,BIJOU CR. NR WIGGINS CO,18748.0,2017-06-02 12:10 America/Denver
20110106,3263,BIJOU CR. NR WIGGINS CO,14331.0,2017-06-02 12:10 America/Denver
20110107,3263,BIJOU CR. NR WIGGINS CO,2197.0,2017-06-02 12:10 America/Denver
20110108,3263,BIJOU CR. NR WIGGINS CO,1661.0,2017-06-02 12:10 America/Denver
20110109,3263,BIJOU CR. NR WIGGINS CO,751.0,2017-06-02 12:10 America/Denver
20110110,3263,BIJOU CR. NR WIGGINS CO,68517.0,2017-06-02 12:10 America/Denver
20110111,3263,BIJOU CR. NR WIGGINS CO,80834.0,2017-06-02 12:10 America/Denver
20110112,3263,BIJOU CR. NR WIGGINS CO,42663.0,2017-06-02 12:10 America/Denver
20110113,3263,BIJOU CR. NR WIGGINS CO,41934.0,2017-06-02 12:10 America/Denver
20110114,3263,BIJOU CR. NR WIGGINS CO,30787.0,2017-06-02 12:10 America/Denver
20110115,3263,BIJOU CR. NR WIGGINS CO,22559.0,2017-06-02 12:10 America/Denver
20110116,3263,BIJOU CR. NR WIGGINS CO,17132.0,2017-06-02 12:10 America/Denver
20110117,3263,BIJOU CR. NR WIGGINS CO,5300.0,2017-06-02 12:10 America/Denver
20110118,3263,BIJOU CR. NR WIGGINS CO,28.0,2017-06-02 12:10 America/Denver
20110119,3263,BIJOU CR. NR WIGGINS CO,0.0,2017-06-02 12:10 America/Denver
20110120,3263,BIJOU CR. NR WIGGINS CO,5370.0,2017-06-02 12:10 America/Denver
20110121,3263,BIJOU CR. NR WIGGINS CO,4677.0,2017-06-02 12:10 America/Denver
20110122,3263,BIJOU CR. NR WIGGINS CO,598.0,2017-06-02 12:10 America/Denver
20110123,3263,BIJOU CR. NR WIGGINS CO,0.0,2017-06-02 12:10 America/Denver
20110124,3263,BIJOU CR. NR WIGGINS CO,0.0,2017-06-02 12:10 America/Denver
20110125,3263,BIJOU CR. NR WIGGINS CO,0.0,2017-06-02 12:10 America/Denver
20110126,3263,BIJOU CR. NR WIGGINS CO,0.0,2017-06-02 12:10 America/Denver
20110127,3263,BIJOU CR. NR WIGGINS CO,2792.0,2017-06-02 12:10 America/Denver
20110128,3263,BIJOU CR. NR WIGGINS CO,0.0,2017-06-02 12:10 America/Denver
20110129,3263,BIJOU CR. NR WIGGINS CO,0.0,2017-06-02 12:10 America/Denver
20110130,3263,BIJOU CR. NR WIGGINS CO,0.0,2017-06-02 12:10 America/Denver
20110131,3263,BIJOU CR. NR WIGGINS CO,0.0,2017-06-02 12:10 America/Denver
20110201,3263,BIJOU CR. NR WIGGINS CO,13702.0,2017-06-02 12:10 America/Denver
20110202,3263,BIJOU CR. NR WIGGINS CO,14077.0,2017-06-02 12:10 America/Denver
20110203,3263,BIJOU CR. NR WIGGINS CO,11659.0,2017-06-02 12:10 America/Denver
20110204,3263,BIJOU CR. NR WIGGINS CO,14893.0,2017-06-02 12:10 America/Denver
20110205,3263,BIJOU CR. NR WIGGINS CO,14581.0,2017-06-02 12:10 America/Denver
20110206,3263,BIJOU CR. NR WIGGINS CO,19643.0,2017-06-02 12:10 America/Denver
20110207,3263,BIJOU CR. NR WIGGINS CO,24167.0,2017-06-02 12:10 America/Denver
20110208,3263,BIJOU CR. NR WIGGINS CO,23799.0,2017-06-02 12:10 America/Denver
20110209,3263,BIJOU CR. NR WIGGINS CO,60775.0,2017-06-02 12:10 America/Denver
20110210,3263,BIJOU CR. NR WIGGINS CO,41538.0,2017-06-02 12:10 America/Denver
20110211,3263,BIJOU CR. NR WIGGINS CO,40342.0,2017-06-02 12:10 America/Denver
20110212,3263,BIJOU CR. NR WIGGINS CO,38606.0,2017-06-02 12:10 America/Denver
20110213,3263,BIJOU CR. NR WIGGINS CO,11278.0,2017-06-02 12:10 America/Denver
20110214,3263,BIJOU CR. NR WIGGINS CO,1.0,2017-06-02 12:10 America/Denver
20110215,3263,BIJOU CR. NR WIGGINS CO,0.0,2017-06-02 12:10 America/Denver
20110216,3263,BIJOU CR. NR WIGGINS CO,0.0,2017-06-02 12:10 America/Denver
20110217,3263,BIJOU CR. NR WIGGINS CO,0.0,2017-06-02 12:10 America/Denver
20110218,3263,BIJOU CR. NR WIGGINS CO,0.0,2017-06-02 12:10 America/Denver
20110219,3263,BIJOU CR. NR WIGGINS CO,0.0,2017-06-02 12:10 America/Denver
20110220,3263,BIJOU CR. NR WIGGINS CO,0.0,2017-06-02 12:10 America/Denver
20110221,3263,BIJOU CR. NR WIGGINS CO,0.0,2017-06-02 12:10 America/Denver
20110222,3263,BIJOU CR. NR WIGGINS CO,0.0,2017-06-02 12:10 America/Denver
20110223,3263,BIJOU CR. NR WIGGINS CO,0.0,2017-06-02 12:10 America/Denver
20110224,3263,BIJOU CR. NR WIGGINS CO,0.0,2017-06-02 12:10 America/Denver
20110225,3263,BIJOU CR. NR WIGGINS CO,54.0,2017-06-02 12:10 America/Denver
20110226,3263,BIJOU CR. NR WIGGINS CO,135.0,2017-06-02 12:10 America/Denver
20110227,3263,BIJOU CR. NR WIGGINS CO,0.0,2017-06-02 12:10 America/Denver
20110228,3263,BIJOU CR. NR WIGGINS CO,0.0,2017-06-02 12:10 America/Denver
20110301,3263,BIJOU CR. NR WIGGINS CO,0.0,2017-06-02 12:10 America/Denver
20110302,3263,BIJOU CR. NR WIGGINS CO,0.0,2017-06-02 12:10 America/Denver
20110303,3263,BIJOU CR. NR WIGGINS CO,0.0,2017-06-02 12:10 America/Denver
20110304,3263,BIJOU CR. NR WIGGINS CO,0.0,2017-06-02 12:10 America/Denver
20110305,3263,BIJOU CR. NR WIGGINS CO,218.0,2017-06-02 12:10 America/Denver
20110306,3263,BIJOU CR. NR WIGGINS CO,95.0,2017-06-02 12:10 America/Denver
20110307,3263,BIJOU CR. NR WIGGINS CO,36.0,2017-06-02 12:10 America/Denver
20110308,3263,BIJOU CR. NR WIGGINS CO,8190.0,2017-06-02 12:10 America/Denver
20110309,3263,BIJOU CR. NR WIGGINS CO,22562.0,2017-06-02 12:10 America/Denver
20110310,3263,BIJOU CR. NR WIGGINS CO,1772.0,2017-06-02 12:10 America/Denver
20110311,3263,BIJOU CR. NR WIGGINS CO,0.0,2017-06-02 12:10 America/Denver
20110312,3263,BIJOU CR. NR WIGGINS CO,0.0,2017-06-02 12:10 America/Denver
20110313,3263,BIJOU CR. NR WIGGINS CO,0.0,2017-06-02 12:10 America/Denver
20110314,3263,BIJOU CR. NR WIGGINS CO,0.0,2017-06-02 12:10 America/Denver
20110315,3263,BIJOU CR. NR WIGGINS CO,0.0,2017-06-02 12:10 America/Denver
20110316,3263,BIJOU CR. NR WIGGINS CO,0.0,2017-06-02 12:10 America/Denver
20110317,3263,BIJOU CR. NR WIGGINS CO,0.0,2017-06-02 12:10 America/Denver
20110318,3263,BIJOU CR. NR WIGGINS CO,0.0,2017-06-02 12:10 America/Denver
20110319,3263,BIJOU CR. NR WIGGINS CO,0.0,2017-06-02 12:10 America/Denver
20110320,3263,BIJOU CR. NR WIGGINS CO,0.0,2017-06-02 12:10 America/Denver
20110321,3263,BIJOU CR. NR WIGGINS CO,0.0,2017-06-02 12:10 America/Denver
20110322,3263,BIJOU CR. NR WIGGINS CO,0.0,2017-06-02 12:10 America/Denver
20110323,3263,BIJOU CR. NR WIGGINS CO,0.0,2017-06-02 12:10 America/Denver
20110324,3263,BIJOU CR. NR WIGGINS CO,0.0,2017-06-02 12:10 America/Denver
20110325,3263,BIJOU CR. NR WIGGINS CO,0.0,2017-06-02 12:10 America/Denver
20110326,3263,BIJOU CR. NR WIGGINS CO,0.0,2017-06-02 12:10 America/Denver
20110327,3263,BIJOU CR. NR WIGGINS CO,0.0,2017-06-02 12:10 America/Denver
20110328,3263,BIJOU CR. NR WIGGINS CO,0.0,2017-06-02 12:10 America/Denver
20110329,3263,BIJOU CR. NR WIGGINS CO,0.0,2017-06-02 12:10 America/Denver
20110330,3263,BIJOU CR. NR WIGGINS CO,1316.0,2017-06-02 12:10 America/Denver
20110331,3263,BIJOU CR. NR WIGGINS CO,0.0,2017-06-02 12:10 America/Denver
20110401,3263,BIJOU CR. NR WIGGINS CO,0.0,2017-06-02 12:10 America/Denver
20110402,3263,BIJOU CR. NR WIGGINS CO,0.0,2017-06-02 12:10 America/Denver
20110403,3263,BIJOU CR. NR WIGGINS CO,0.0,2017-06-02 12:10 America/Denver
20110404,3263,BIJOU CR. NR WIGGINS CO,5075.0,2017-06-02 12:10 America/Denver
20110405,3263,BIJOU CR. NR WIGGINS CO,1061.0,2017-06-02 12:10 America/Denver
20110406,3263,BIJOU CR. NR WIGGINS CO,0.0,2017-06-02 12:10 America/Denver
20110407,3263,BIJOU CR. NR WIGGINS CO,0.0,2017-06-02 12:10 America/Denver
20110408,3263,BIJOU CR. NR WIGGINS CO,0.0,2017-06-02 12:10 America/Denver
20110409,3263,BIJOU CR. NR WIGGINS CO,0.0,2017-06-02 12:10 America/Denver
20110410,3263,BIJOU CR. NR WIGGINS CO,0.0,2017-06-02 12:10 America/Denver
20110411,3263,BIJOU CR. NR WIGGINS CO,0.0,2017-06-02 12:10 America/Denver
20110412,3263,BIJOU CR. NR WIGGINS CO,0.0,2017-06-02 12:10 America/Denver
20110413,3263,BIJOU CR. NR WIGGINS CO,0.0,2017-06-02 12:10 America/Denver
20110414,3263,BIJOU CR. NR WIGGINS CO,0.0,2017-06-02 12:10 America/Denver
20110415,3263,BIJOU CR. NR WIGGINS CO,0.0,2017-06-02 12:10 America/Denver
20110416,3263,BIJOU CR. NR WIGGINS CO,0.0,2017-06-02 12:10 America/Denver
20110417,3263,BIJOU CR. NR WIGGINS CO,0.0,2017-06-02 12:10 America/Denver
20110418,3263,BIJOU CR. NR WIGGINS CO,0.0,2017-06-02 12:10 America/Denver
20110419,3263,BIJOU CR. NR WIGGINS CO,0.0,2017-06-02 12:10 America/Denver
20110420,3263,BIJOU CR. NR WIGGINS CO,0.0,2017-06-02 12:10 America/Denver
20110421,3263,BIJOU CR. NR WIGGINS CO,0.0,2017-06-02 12:10 America/Denver
20110422,3263,BIJOU CR. NR WIGGINS CO,0.0,2017-06-02 12:10 America/Denver
20110423,3263,BIJOU CR. NR WIGGINS CO,0.0,2017-06-02 12:10 America/Denver
20110424,3263,BIJOU CR. NR WIGGINS CO,0.0,2017-06-02 12:10 America/Denver
20110425,3263,BIJOU CR. NR WIGGINS CO,1.0,2017-06-02 12:10 America/Denver
20110426,3263,BIJOU CR. NR WIGGINS CO,0.0,2017-06-02 12:10 America/Denver
20110427,3263,BIJOU CR. NR WIGGINS CO,1695.0,2017-06-02 12:10 America/Denver
20110428,3263,BIJOU CR. NR WIGGINS CO,357.0,2017-06-02 12:10 America/Denver
20110429,3263,BIJOU CR. NR WIGGINS CO,0.0,2017-06-02 12:10 America/Denver
20110430,3263,BIJOU CR. NR WIGGINS CO,0.0,2017-06-02 12:10 America/Denver
20110501,3263,BIJOU CR. NR WIGGINS CO,0.0,2017-06-02 12:10 America/Denver
20110502,3263,BIJOU CR. NR WIGGINS CO,0.0,2017-06-02 12:10 America/Denver
20110503,3263,BIJOU CR. NR WIGGINS CO,0.0,2017-06-02 12:10 America/Denver
20110504,3263,BIJOU CR. NR WIGGINS CO,0.0,2017-06-02 12:10 America/Denver
20110505,3263,BIJOU CR. NR WIGGINS CO,0.0,2017-06-02 12:10 America/Denver
20110506,3263,BIJOU CR. NR WIGGINS CO,0.0,2017-06-02 12:10 America/Denver
20110507,3263,BIJOU CR. NR WIGGINS CO,0.0,2017-06-02 12:10 America/Denver
20110508,3263,BIJOU CR. NR WIGGINS CO,0.0,2017-06-02 12:10 America/Denver
20110509,3263,BIJOU CR. NR WIGGINS CO,0.0,2017-06-02 12:10 America/Denver
20110510,3263,BIJOU CR. NR WIGGINS CO,0.0,2017-06-02 12:10 America/Denver
20110511,3263,BIJOU CR. NR WIGGINS CO,0.0,2017-06-02 12:10 America/Denver
20110512,3263,BIJOU CR. NR WIGGINS CO,9735.0,2017-06-02 12:10 America/Denver
20110513,3263,BIJOU CR. NR WIGGINS CO,5455.0,2017-06-02 12:10 America/Denver
20110514,3263,BIJOU CR. NR WIGGINS CO,0.0,2017-06-02 12:10 America/Denver
20110515,3263,BIJOU CR. NR WIGGINS CO,0.0,2017-06-02 12:10 America/Denver
20110516,3263,BIJOU CR. NR WIGGINS CO,0.0,2017-06-02 12:10 America/Denver
20110517,3263,BIJOU CR. NR WIGGINS CO,0.0,2017-06-02 12:10 America/Denver
20110518,3263,BIJOU CR. NR WIGGINS CO,0.0,2017-06-02 12:10 America/Denver
20110519,3263,BIJOU CR. NR WIGGINS CO,0.0,2017-06-02 12:10 America/Denver
20110520,3263,BIJOU CR. NR WIGGINS CO,0.0,2017-06-02 12:10 America/Denver
20110521,3263,BIJOU CR. NR WIGGINS CO,0.0,2017-06-02 12:10 America/Denver
20110522,3263,BIJOU CR. NR WIGGINS CO,0.0,2017-06-02 12:10 America/Denver
20110523,3263,BIJOU CR. NR WIGGINS CO,0.0,2017-06-02 12:10 America/Denver
20110524,3263,BIJOU CR. NR WIGGINS CO,0.0,2017-06-02 12:10 America/Denver
20110525,3263,BIJOU CR. NR WIGGINS CO,0.0,2017-06-02 12:10 America/Denver
20110526,3263,BIJOU CR. NR WIGGINS CO,0.0,2017-06-02 12:10 America/Denver
20110527,3263,BIJOU CR. NR WIGGINS CO,0.0,2017-06-02 12:10 America/Denver
20110528,3263,BIJOU CR. NR WIGGINS CO,0.0,2017-06-02 12:10 America/Denver
20110529,3263,BIJOU CR. NR WIGGINS CO,0.0,2017-06-02 12:10 America/Denver
20110530,3263,BIJOU CR. NR WIGGINS CO,0.0,2017-06-02 12:10 America/Denver
20110531,3263,BIJOU CR. NR WIGGINS CO,0.0,2017-06-02 12:10 America/Denver
20110601,3263,BIJOU CR. NR WIGGINS CO,0.0,2017-06-02 12:10 America/Denver
20110602,3263,BIJOU CR. NR WIGGINS CO,0.0,2017-06-02 12:10 America/Denver
20110603,3263,BIJOU CR. NR WIGGINS CO,0.0,2017-06-02 12:10 America/Denver
20110604,3263,BIJOU CR. NR WIGGINS CO,0.0,2017-06-02 12:10 America/Denver
20110605,3263,BIJOU CR. NR WIGGINS CO,0.0,2017-06-02 12:10 America/Denver
20110606,3263,BIJOU CR. NR WIGGINS CO,0.0,2017-06-02 12:10 America/Denver
20110607,3263,BIJOU CR. NR WIGGINS CO,0.0,2017-06-02 12:10 America/Denver
20110608,3263,BIJOU CR. NR WIGGINS CO,0.0,2017-06-02 12:10 America/Denver
20110609,3263,BIJOU CR. NR WIGGINS CO,0.0,2017-06-02 12:10 America/Denver
20110610,3263,BIJOU CR. NR WIGGINS CO,0.0,2017-06-02 12:10 America/Denver
20110611,3263,BIJOU CR. NR WIGGINS CO,0.0,2017-06-02 12:10 America/Denver
20110612,3263,BIJOU CR. NR WIGGINS CO,0.0,2017-06-02 12:10 America/Denver
20110613,3263,BIJOU CR. NR WIGGINS CO,0.0,2017-06-02 12:10 America/Denver
20110614,3263,BIJOU CR. NR WIGGINS CO,0.0,2017-06-02 12:10 America/Denver
20110615,3263,BIJOU CR. NR WIGGINS CO,0.0,2017-06-02 12:10 America/Denver
20110616,3263,BIJOU CR. NR WIGGINS CO,0.0,2017-06-02 12:10 America/Denver
20110617,3263,BIJOU CR. NR WIGGINS CO,0.0,2017-06-02 12:10 America/Denver
20110618,3263,BIJOU CR. NR WIGGINS CO,0.0,2017-06-02 12:10 America/Denver
20110619,3263,BIJOU CR. NR WIGGINS CO,0.0,2017-06-02 12:10 America/Denver
20110620,3263,BIJOU CR. NR WIGGINS CO,0.0,2017-06-02 12:10 America/Denver
20110621,3263,BIJOU CR. NR WIGGINS CO,0.0,2017-06-02 12:10 America/Denver
20110622,3263,BIJOU CR. NR WIGGINS CO,0.0,2017-06-02 12:10 America/Denver
20110623,3263,BIJOU CR. NR WIGGINS CO,0.0,2017-06-02 12:10 America/Denver
20110624,3263,BIJOU CR. NR WIGGINS CO,0.0,2017-06-02 12:10 America/Denver
20110625,3263,BIJOU CR. NR WIGGINS CO,0.0,2017-06-02 12:10 America/Denver
20110626,3263,BIJOU CR. NR WIGGINS CO,0.0,2017-06-02 12:10 America/Denver
20110627,3263,BIJOU CR. NR WIGGINS CO,0.0,2017-06-02 12:10 America/Denver
20110628,3263,BIJOU CR. NR WIGGINS CO,0.0,2017-06-02 12:10 America/Denver
20110629,3263,BIJOU CR. NR WIGGINS CO,0.0,2017-06-02 12:10 America/Denver
20110630,3263,BIJOU CR. NR WIGGINS CO,0.0,2017-06-02 12:10 America/Denver
20110701,3263,BIJOU CR. NR WIGGINS CO,0.0,2017-06-02 12:10 America/Denver
20110702,3263,BIJOU CR. NR WIGGINS CO,0.0,2017-06-02 12:10 America/Denver
20110703,3263,BIJOU CR. NR WIGGINS CO,0.0,2017-06-02 12:10 America/Denver
20110704,3263,BIJOU CR. NR WIGGINS CO,0.0,2017-06-02 12:10 America/Denver
20110705,3263,BIJOU CR. NR WIGGINS CO,0.0,2017-06-02 12:10 America/Denver
20110706,3263,BIJOU CR. NR WIGGINS CO,0.0,2017-06-02 12:10 America/Denver
20110707,3263,BIJOU CR. NR WIGGINS CO,0.0,2017-06-02 12:10 America/Denver
20110708,3263,BIJOU CR. NR WIGGINS CO,0.0,2017-06-02 12:10 America/Denver
20110709,3263,BIJOU CR. NR WIGGINS CO,0.0,2017-06-02 12:10 America/Denver
20110710,3263,BIJOU CR. NR WIGGINS CO,0.0,2017-06-02 12:10 America/Denver
20110711,3263,BIJOU CR. NR WIGGINS CO,0.0,2017-06-02 12:10 America/Denver
20110712,3263,BIJOU CR. NR WIGGINS CO,0.0,2017-06-02 12:10 America/Denver
20110713,3263,BIJOU CR. NR WIGGINS CO,0.0,2017-06-02 12:10 America/Denver
20110714,3263,BIJOU CR. NR WIGGINS CO,0.0,2017-06-02 12:10 America/Denver
20110715,3263,BIJOU CR. NR WIGGINS CO,0.0,2017-06-02 12:10 America/Denver
20110716,3263,BIJOU CR. NR WIGGINS CO,0.0,2017-06-02 12:10 America/Denver
20110717,3263,BIJOU CR. NR WIGGINS CO,0.0,2017-06-02 12:10 America/Denver
20110718,3263,BIJOU CR. NR WIGGINS CO,0.0,2017-06-02 12:10 America/Denver
20110719,3263,BIJOU CR. NR WIGGINS CO,0.0,2017-06-02 12:10 America/Denver
20110720,3263,BIJOU CR. NR WIGGINS CO,0.0,2017-06-02 12:10 America/Denver
20110721,3263,BIJOU CR. NR WIGGINS CO,0.0,2017-06-02 12:10 America/Denver
20110722,3263,BIJOU CR. NR WIGGINS CO,0.0,2017-06-02 12:10 America/Denver
20110723,3263,BIJOU CR. NR WIGGINS CO,0.0,2017-06-02 12:10 America/Denver
20110724,3263,BIJOU CR. NR WIGGINS CO,0.0,2017-06-02 12:10 America/Denver
20110725,3263,BIJOU CR. NR WIGGINS CO,0.0,2017-06-02 12:10 America/Denver
20110726,3263,BIJOU CR. NR WIGGINS CO,0.0,2017-06-02 12:10 America/Denver
20110727,3263,BIJOU CR. NR WIGGINS CO,0.0,2017-06-02 12:10 America/Denver
20110728,3263,BIJOU CR. NR WIGGINS CO,0.0,2017-06-02 12:10 America/Denver
20110729,3263,BIJOU CR. NR WIGGINS CO,0.0,2017-06-02 12:10 America/Denver
20110730,3263,BIJOU CR. NR WIGGINS CO,0.0,2017-06-02 12:10 America/Denver
20110731,3263,BIJOU CR. NR WIGGINS CO,0.0,2017-06-02 12:10 America/Denver
20110801,3263,BIJOU CR. NR WIGGINS CO,0.0,2017-06-02 12:10 America/Denver
20110802,3263,BIJOU CR. NR WIGGINS CO,0.0,2017-06-02 12:10 America/Denver
20110803,3263,BIJOU CR. NR WIGGINS CO,0.0,2017-06-02 12:10 America/Denver
20110804,3263,BIJOU CR. NR WIGGINS CO,0.0,2017-06-02 12:10 America/Denver
20110805,3263,BIJOU CR. NR WIGGINS CO,0.0,2017-06-02 12:10 America/Denver
20110806,3263,BIJOU CR. NR WIGGINS CO,0.0,2017-06-02 12:10 America/Denver
20110807,3263,BIJOU CR. NR WIGGINS CO,0.0,2017-06-02 12:10 America/Denver
20110808,3263,BIJOU CR. NR WIGGINS CO,0.0,2017-06-02 12:10 America/Denver
20110809,3263,BIJOU CR. NR WIGGINS CO,0.0,2017-06-02 12:10 America/Denver
20110810,3263,BIJOU CR. NR WIGGINS CO,0.0,2017-06-02 12:10 America/Denver
20110811,3263,BIJOU CR. NR WIGGINS CO,0.0,2017-06-02 12:10 America/Denver
20110812,3263,BIJOU CR. NR WIGGINS CO,0.0,2017-06-02 12:10 America/Denver
20110813,3263,BIJOU CR. NR WIGGINS CO,0.0,2017-06-02 12:10 America/Denver
20110814,3263,BIJOU CR. NR WIGGINS CO,0.0,2017-06-02 12:10 America/Denver
20110815,3263,BIJOU CR. NR WIGGINS CO,0.0,2017-06-02 12:10 America/Denver
20110816,3263,BIJOU CR. NR WIGGINS CO,0.0,2017-06-02 12:10 America/Denver
20110817,3263,BIJOU CR. NR WIGGINS CO,0.0,2017-06-02 12:10 America/Denver
20110818,3263,BIJOU CR. NR WIGGINS CO,0.0,2017-06-02 12:10 America/Denver
20110819,3263,BIJOU CR. NR WIGGINS CO,0.0,2017-06-02 12:10 America/Denver
20110820,3263,BIJOU CR. NR WIGGINS CO,0.0,2017-06-02 12:10 America/Denver
20110821,3263,BIJOU CR. NR WIGGINS CO,0.0,2017-06-02 12:10 America/Denver
20110822,3263,BIJOU CR. NR WIGGINS CO,0.0,2017-06-02 12:10 America/Denver
20110823,3263,BIJOU CR. NR WIGGINS CO,0.0,2017-06-02 12:10 America/Denver
20110824,3263,BIJOU CR. NR WIGGINS CO,0.0,2017-06-02 12:10 America/Denver
20110825,3263,BIJOU CR. NR WIGGINS CO,0.0,2017-06-02 12:10 America/Denver
20110826,3263,BIJOU CR. NR WIGGINS CO,0.0,2017-06-02 12:10 America/Denver
20110827,3263,BIJOU CR. NR WIGGINS CO,0.0,2017-06-02 12:10 America/Denver
20110828,3263,BIJOU CR. NR WIGGINS CO,0.0,2017-06-02 12:10 America/Denver
20110829,3263,BIJOU CR. NR WIGGINS CO,0.0,2017-06-02 12:10 America/Denver
20110830,3263,BIJOU CR. NR WIGGINS CO,0.0,2017-06-02 12:10 America/Denver
20110831,3263,BIJOU CR. NR WIGGINS CO,0.0,2017-06-02 12:10 America/Denver
20110901,3263,BIJOU CR. NR WIGGINS CO,0.0,2017-06-02 12:10 America/Denver
20110902,3263,BIJOU CR. NR WIGGINS CO,0.0,2017-06-02 12:10 America/Denver
20110903,3263,BIJOU CR. NR WIGGINS CO,0.0,2017-06-02 12:10 America/Denver
20110904,3263,BIJOU CR. NR WIGGINS CO,0.0,2017-06-02 12:10 America/Denver
20110905,3263,BIJOU CR. NR WIGGINS CO,0.0,2017-06-02 12:10 America/Denver
20110906,3263,BIJOU CR. NR WIGGINS CO,0.0,2017-06-02 12:10 America/Denver
20110907,3263,BIJOU CR. NR WIGGINS CO,0.0,2017-06-02 12:10 America/Denver
20110908,3263,BIJOU CR. NR WIGGINS CO,0.0,2017-06-02 12:10 America/Denver
20110909,3263,BIJOU CR. NR WIGGINS CO,0.0,2017-06-02 12:10 America/Denver
20110910,3263,BIJOU CR. NR WIGGINS CO,0.0,2017-06-02 12:10 America/Denver
20110911,3263,BIJOU CR. NR WIGGINS CO,0.0,2017-06-02 12:10 America/Denver
20110912,3263,BIJOU CR. NR WIGGINS CO,0.0,2017-06-02 12:10 America/Denver
20110913,3263,BIJOU CR. NR WIGGINS CO,0.0,2017-06-02 12:10 America/Denver
20110914,3263,BIJOU CR. NR WIGGINS CO,0.0,2017-06-02 12:10 America/Denver
20110915,3263,BIJOU CR. NR WIGGINS CO,0.0,2017-06-02 12:10 America/Denver
20110916,3263,BIJOU CR. NR WIGGINS CO,0.0,2017-06-02 12:10 America/Denver
20110917,3263,BIJOU CR. NR WIGGINS CO,0.0,2017-06-02 12:10 America/Denver
20110918,3263,BIJOU CR. NR WIGGINS CO,0.0,2017-06-02 12:10 America/Denver
20110919,3263,BIJOU CR. NR WIGGINS CO,0.0,2017-06-02 12:10 America/Denver
20110920,3263,BIJOU CR. NR WIGGINS CO,0.0,2017-06-02 12:10 America/Denver
20110921,3263,BIJOU CR. NR WIGGINS CO,0.0,2017-06-02 12:10 America/Denver
20110922,3263,BIJOU CR. NR WIGGINS CO,0.0,2017-06-02 12:10 America/Denver
20110923,3263,BIJOU CR. NR WIGGINS CO,0.0,2017-06-02 12:10 America/Denver
20110924,3263,BIJOU CR. NR WIGGINS CO,0.0,2017-06-02 12:10 America/Denver
20110925,3263,BIJOU CR. NR WIGGINS CO,0.0,2017-06-02 12:10 America/Denver
20110926,3263,BIJOU CR. NR WIGGINS CO,0.0,2017-06-02 12:10 America/Denver
20110927,3263,BIJOU CR. NR WIGGINS CO,0.0,2017-06-02 12:10 America/Denver
20110928,3263,BIJOU CR. NR WIGGINS CO,0.0,2017-06-02 12:10 America/Denver
20110929,3263,BIJOU CR. NR WIGGINS CO,0.0,2017-06-02 12:10 America/Denver
20110930,3263,BIJOU CR. NR WIGGINS CO,0.0,2017-06-02 12:10 America/Denver
20111001,3263,BIJOU CR. NR WIGGINS CO,0.0,2017-06-02 12:10 America/Denver
20111002,3263,BIJOU CR. NR WIGGINS CO,0.0,2017-06-02 12:10 America/Denver
20111003,3263,BIJOU CR. NR WIGGINS CO,0.0,2017-06-02 12:10 America/Denver
20111004,3263,BIJOU CR. NR WIGGINS CO,0.0,2017-06-02 12:10 America/Denver
20111005,3263,BIJOU CR. NR WIGGINS CO,0.0,2017-06-02 12:10 America/Denver
20111006,3263,BIJOU CR. NR WIGGINS CO,0.0,2017-06-02 12:10 America/Denver
20111007,3263,BIJOU CR. NR WIGGINS CO,0.0,2017-06-02 12:10 America/Denver
20111008,3263,BIJOU CR. NR WIGGINS CO,0.0,2017-06-02 12:10 America/Denver
20111009,3263,BIJOU CR. NR WIGGINS CO,958.0,2017-06-02 12:10 America/Denver
20111010,3263,BIJOU CR. NR WIGGINS CO,266.0,2017-06-02 12:10 America/Denver
20111011,3263,BIJOU CR. NR WIGGINS CO,2.0,2017-06-02 12:10 America/Denver
20111012,3263,BIJOU CR. NR WIGGINS CO,0.0,2017-06-02 12:10 America/Denver
20111013,3263,BIJOU CR. NR WIGGINS CO,0.0,2017-06-02 12:10 America/Denver
20111014,3263,BIJOU CR. NR WIGGINS CO,0.0,2017-06-02 12:10 America/Denver
20111015,3263,BIJOU CR. NR WIGGINS CO,0.0,2017-06-02 12:10 America/Denver
20111016,3263,BIJOU CR. NR WIGGINS CO,0.0,2017-06-02 12:10 America/Denver
20111017,3263,BIJOU CR. NR WIGGINS CO,0.0,2017-06-02 12:10 America/Denver
20111018,3263,BIJOU CR. NR WIGGINS CO,0.0,2017-06-02 12:10 America/Denver
20111019,3263,BIJOU CR. NR WIGGINS CO,0.0,2017-06-02 12:10 America/Denver
20111020,3263,BIJOU CR. NR WIGGINS CO,0.0,2017-06-02 12:10 America/Denver
20111021,3263,BIJOU CR. NR WIGGINS CO,0.0,2017-06-02 12:10 America/Denver
20111022,3263,BIJOU CR. NR WIGGINS CO,0.0,2017-06-02 12:10 America/Denver
20111023,3263,BIJOU CR. NR WIGGINS CO,0.0,2017-06-02 12:10 America/Denver
20111024,3263,BIJOU CR. NR WIGGINS CO,0.0,2017-06-02 12:10 America/Denver
20111025,3263,BIJOU CR. NR WIGGINS CO,0.0,2017-06-02 12:10 America/Denver
20111026,3263,BIJOU CR. NR WIGGINS CO,3262.0,2017-06-02 12:10 America/Denver
20111027,3263,BIJOU CR. NR WIGGINS CO,36759.0,2017-06-02 12:10 America/Denver
20111028,3263,BIJOU CR. NR WIGGINS CO,36501.0,2017-06-02 12:10 America/Denver
20111029,3263,BIJOU CR. NR WIGGINS CO,12891.0,2017-06-02 12:10 America/Denver
20111030,3263,BIJOU CR. NR WIGGINS CO,4.0,2017-06-02 12:10 America/Denver
20111031,3263,BIJOU CR. NR WIGGINS CO,0.0,2017-06-02 12:10 America/Denver
20111101,3263,BIJOU CR. NR WIGGINS CO,0.0,2017-06-02 12:10 America/Denver
20111102,3263,BIJOU CR. NR WIGGINS CO,3096.0,2017-06-02 12:10 America/Denver
20111103,3263,BIJOU CR. NR WIGGINS CO,40532.0,2017-06-02 12:10 America/Denver
20111104,3263,BIJOU CR. NR WIGGINS CO,17308.0,2017-06-02 12:10 America/Denver
20111105,3263,BIJOU CR. NR WIGGINS CO,529.0,2017-06-02 12:10 America/Denver
20111106,3263,BIJOU CR. NR WIGGINS CO,0.0,2017-06-02 12:10 America/Denver
20111107,3263,BIJOU CR. NR WIGGINS CO,0.0,2017-06-02 12:10 America/Denver
20111108,3263,BIJOU CR. NR WIGGINS CO,0.0,2017-06-02 12:10 America/Denver
20111109,3263,BIJOU CR. NR WIGGINS CO,484.0,2017-06-02 12:10 America/Denver
20111110,3263,BIJOU CR. NR WIGGINS CO,301.0,2017-06-02 12:10 America/Denver
20111111,3263,BIJOU CR. NR WIGGINS CO,0.0,2017-06-02 12:10 America/Denver
20111112,3263,BIJOU CR. NR WIGGINS CO,0.0,2017-06-02 12:10 America/Denver
20111113,3263,BIJOU CR. NR WIGGINS CO,0.0,2017-06-02 12:10 America/Denver
20111114,3263,BIJOU CR. NR WIGGINS CO,0.0,2017-06-02 12:10 America/Denver
20111115,3263,BIJOU CR. NR WIGGINS CO,0.0,2017-06-02 12:10 America/Denver
20111116,3263,BIJOU CR. NR WIGGINS CO,307.0,2017-06-02 12:10 America/Denver
20111117,3263,BIJOU CR. NR WIGGINS CO,307.0,2017-06-02 12:10 America/Denver
20111118,3263,BIJOU CR. NR WIGGINS CO,0.0,2017-06-02 12:10 America/Denver
20111119,3263,BIJOU CR. NR WIGGINS CO,0.0,2017-06-02 12:10 America/Denver
20111120,3263,BIJOU CR. NR WIGGINS CO,0.0,2017-06-02 12:10 America/Denver
20111121,3263,BIJOU CR. NR WIGGINS CO,0.0,2017-06-02 12:10 America/Denver
20111122,3263,BIJOU CR. NR WIGGINS CO,0.0,2017-06-02 12:10 America/Denver
20111123,3263,BIJOU CR. NR WIGGINS CO,0.0,2017-06-02 12:10 America/Denver
20111124,3263,BIJOU CR. NR WIGGINS CO,0.0,2017-06-02 12:10 America/Denver
20111125,3263,BIJOU CR. NR WIGGINS CO,0.0,2017-06-02 12:10 America/Denver
20111126,3263,BIJOU CR. NR WIGGINS CO,0.0,2017-06-02 12:10 America/Denver
20111127,3263,BIJOU CR. NR WIGGINS CO,0.0,2017-06-02 12:10 America/Denver
20111128,3263,BIJOU CR. NR WIGGINS CO,0.0,2017-06-02 12:10 America/Denver
20111129,3263,BIJOU CR. NR WIGGINS CO,0.0,2017-06-02 12:10 America/Denver
20111130,3263,BIJOU CR. NR WIGGINS CO,0.0,2017-06-02 12:10 America/Denver
20111201,3263,BIJOU CR. NR WIGGINS CO,0.0,2017-06-02 12:10 America/Denver
20111202,3263,BIJOU CR. NR WIGGINS CO,16716.0,2017-06-02 12:10 America/Denver
20111203,3263,BIJOU CR. NR WIGGINS CO,11828.0,2017-06-02 12:10 America/Denver
20111204,3263,BIJOU CR. NR WIGGINS CO,23731.0,2017-06-02 12:10 America/Denver
20111205,3263,BIJOU CR. NR WIGGINS CO,27942.0,2017-06-02 12:10 America/Denver
20111206,3263,BIJOU CR. NR WIGGINS CO,30703.0,2017-06-02 12:10 America/Denver
20111207,3263,BIJOU CR. NR WIGGINS CO,30320.0,2017-06-02 12:10 America/Denver
20111208,3263,BIJOU CR. NR WIGGINS CO,27537.0,2017-06-02 12:10 America/Denver
20111209,3263,BIJOU CR. NR WIGGINS CO,27472.0,2017-06-02 12:10 America/Denver
20111210,3263,BIJOU CR. NR WIGGINS CO,27363.0,2017-06-02 12:10 America/Denver
20111211,3263,BIJOU CR. NR WIGGINS CO,26577.0,2017-06-02 12:10 America/Denver
20111212,3263,BIJOU CR. NR WIGGINS CO,22957.0,2017-06-02 12:10 America/Denver
20111213,3263,BIJOU CR. NR WIGGINS CO,22274.0,2017-06-02 12:10 America/Denver
20111214,3263,BIJOU CR. NR WIGGINS CO,19859.0,2017-06-02 12:10 America/Denver
20111215,3263,BIJOU CR. NR WIGGINS CO,13926.0,2017-06-02 12:10 America/Denver
20111216,3263,BIJOU CR. NR WIGGINS CO,11049.0,2017-06-02 12:10 America/Denver
20111217,3263,BIJOU CR. NR WIGGINS CO,10484.0,2017-06-02 12:10 America/Denver
20111218,3263,BIJOU CR. NR WIGGINS CO,9686.0,2017-06-02 12:10 America/Denver
20111219,3263,BIJOU CR. NR WIGGINS CO,108.0,2017-06-02 12:10 America/Denver
20111220,3263,BIJOU CR. NR WIGGINS CO,4491.0,2017-06-02 12:10 America/Denver
20111221,3263,BIJOU CR. NR WIGGINS CO,14041.0,2017-06-02 12:10 America/Denver
20111222,3263,BIJOU CR. NR WIGGINS CO,33753.0,2017-06-02 12:10 America/Denver
20111223,3263,BIJOU CR. NR WIGGINS CO,51906.0,2017-06-02 12:10 America/Denver
20111224,3263,BIJOU CR. NR WIGGINS CO,50930.0,2017-06-02 12:10 America/Denver
20111225,3263,BIJOU CR. NR WIGGINS CO,49221.0,2017-06-02 12:10 America/Denver
20111226,3263,BIJOU CR. NR WIGGINS CO,46917.0,2017-06-02 12:10 America/Denver
20111227,3263,BIJOU CR. NR WIGGINS CO,42268.0,2017-06-02 12:10 America/Denver
20111228,3263,BIJOU CR. NR WIGGINS CO,38456.0,2017-06-02 12:10 America/Denver
20111229,3263,BIJOU CR. NR WIGGINS CO,19769.0,2017-06-02 12:10 America/Denver
20111230,3263,BIJOU CR. NR WIGGINS CO,9331.0,2017-06-02 12:10 America/Denver
20111231,3263,BIJOU CR. NR WIGGINS CO,3103.0,2017-06-02 12:10 America/Denver
20120101,3263,BIJOU CR. NR WIGGINS CO,1640.0,2017-06-02 12:10 America/Denver
20120102,3263,BIJOU CR. NR WIGGINS CO,1519.0,2017-06-02 12:10 America/Denver
20120103,3263,BIJOU CR. NR WIGGINS CO,766.0,2017-06-02 12:10 America/Denver
20120104,3263,BIJOU CR. NR WIGGINS CO,191.0,2017-06-02 12:10 America/Denver
20120105,3263,BIJOU CR. NR WIGGINS CO,0.0,2017-06-02 12:10 America/Denver
20120106,3263,BIJOU CR. NR WIGGINS CO,0.0,2017-06-02 12:10 America/Denver
20120107,3263,BIJOU CR. NR WIGGINS CO,0.0,2017-06-02 12:10 America/Denver
20120108,3263,BIJOU CR. NR WIGGINS CO,4920.0,2017-06-02 12:10 America/Denver
20120109,3263,BIJOU CR. NR WIGGINS CO,9090.0,2017-06-02 12:10 America/Denver
20120110,3263,BIJOU CR. NR WIGGINS CO,10830.0,2017-06-02 12:10 America/Denver
20120111,3263,BIJOU CR. NR WIGGINS CO,74.0,2017-06-02 12:10 America/Denver
20120112,3263,BIJOU CR. NR WIGGINS CO,9563.0,2017-06-02 12:10 America/Denver
20120113,3263,BIJOU CR. NR WIGGINS CO,7383.0,2017-06-02 12:10 America/Denver
20120114,3263,BIJOU CR. NR WIGGINS CO,1443.0,2017-06-02 12:10 America/Denver
20120115,3263,BIJOU CR. NR WIGGINS CO,0.0,2017-06-02 12:10 America/Denver
20120116,3263,BIJOU CR. NR WIGGINS CO,0.0,2017-06-02 12:10 America/Denver
20120117,3263,BIJOU CR. NR WIGGINS CO,8996.0,2017-06-02 12:10 America/Denver
20120118,3263,BIJOU CR. NR WIGGINS CO,9534.0,2017-06-02 12:10 America/Denver
20120119,3263,BIJOU CR. NR WIGGINS CO,5611.0,2017-06-02 12:10 America/Denver
20120120,3263,BIJOU CR. NR WIGGINS CO,0.0,2017-06-02 12:10 America/Denver
20120121,3263,BIJOU CR. NR WIGGINS CO,0.0,2017-06-02 12:10 America/Denver
20120122,3263,BIJOU CR. NR WIGGINS CO,0.0,2017-06-02 12:10 America/Denver
20120123,3263,BIJOU CR. NR WIGGINS CO,35.0,2017-06-02 12:10 America/Denver
20120124,3263,BIJOU CR. NR WIGGINS CO,0.0,2017-06-02 12:10 America/Denver
20120125,3263,BIJOU CR. NR WIGGINS CO,0.0,2017-06-02 12:10 America/Denver
20120126,3263,BIJOU CR. NR WIGGINS CO,0.0,2017-06-02 12:10 America/Denver
20120127,3263,BIJOU CR. NR WIGGINS CO,0.0,2017-06-02 12:10 America/Denver
20120128,3263,BIJOU CR. NR WIGGINS CO,0.0,2017-06-02 12:10 America/Denver
20120129,3263,BIJOU CR. NR WIGGINS CO,0.0,2017-06-02 12:10 America/Denver
20120130,3263,BIJOU CR. NR WIGGINS CO,0.0,2017-06-02 12:10 America/Denver
20120131,3263,BIJOU CR. NR WIGGINS CO,0.0,2017-06-02 12:10 America/Denver
20120201,3263,BIJOU CR. NR WIGGINS CO,0.0,2017-06-02 12:10 America/Denver
20120202,3263,BIJOU CR. NR WIGGINS CO,0.0,2017-06-02 12:10 America/Denver
20120203,3263,BIJOU CR. NR WIGGINS CO,52537.0,2017-06-02 12:10 America/Denver
20120204,3263,BIJOU CR. NR WIGGINS CO,131857.0,2017-06-02 12:10 America/Denver
20120205,3263,BIJOU CR. NR WIGGINS CO,140956.0,2017-06-02 12:10 America/Denver
20120206,3263,BIJOU CR. NR WIGGINS CO,140709.0,2017-06-02 12:10 America/Denver
20120207,3263,BIJOU CR. NR WIGGINS CO,134934.0,2017-06-02 12:10 America/Denver
20120208,3263,BIJOU CR. NR WIGGINS CO,142221.0,2017-06-02 12:10 America/Denver
20120209,3263,BIJOU CR. NR WIGGINS CO,133143.0,2017-06-02 12:10 America/Denver
20120210,3263,BIJOU CR. NR WIGGINS CO,131862.0,2017-06-02 12:10 America/Denver
20120211,3263,BIJOU CR. NR WIGGINS CO,134417.0,2017-06-02 12:10 America/Denver
20120212,3263,BIJOU CR. NR WIGGINS CO,140627.0,2017-06-02 12:10 America/Denver
20120213,3263,BIJOU CR. NR WIGGINS CO,140837.0,2017-06-02 12:10 America/Denver
20120214,3263,BIJOU CR. NR WIGGINS CO,142925.0,2017-06-02 12:10 America/Denver
20120215,3263,BIJOU CR. NR WIGGINS CO,98764.0,2017-06-02 12:10 America/Denver
20120216,3263,BIJOU CR. NR WIGGINS CO,99157.0,2017-06-02 12:10 America/Denver
20120217,3263,BIJOU CR. NR WIGGINS CO,98823.0,2017-06-02 12:10 America/Denver
20120218,3263,BIJOU CR. NR WIGGINS CO,96514.0,2017-06-02 12:10 America/Denver
20120219,3263,BIJOU CR. NR WIGGINS CO,93975.0,2017-06-02 12:10 America/Denver
20120220,3263,BIJOU CR. NR WIGGINS CO,85763.0,2017-06-02 12:10 America/Denver
20120221,3263,BIJOU CR. NR WIGGINS CO,104346.0,2017-06-02 12:10 America/Denver
20120222,3263,BIJOU CR. NR WIGGINS CO,96466.0,2017-06-02 12:10 America/Denver
20120223,3263,BIJOU CR. NR WIGGINS CO,54511.0,2017-06-02 12:10 America/Denver
20120224,3263,BIJOU CR. NR WIGGINS CO,56504.0,2017-06-02 12:10 America/Denver
20120225,3263,BIJOU CR. NR WIGGINS CO,54428.0,2017-06-02 12:10 America/Denver
20120226,3263,BIJOU CR. NR WIGGINS CO,15440.0,2017-06-02 12:10 America/Denver
20120227,3263,BIJOU CR. NR WIGGINS CO,12816.0,2017-06-02 12:10 America/Denver
20120228,3263,BIJOU CR. NR WIGGINS CO,24734.0,2017-06-02 12:10 America/Denver
20120229,3263,BIJOU CR. NR WIGGINS CO,19014.0,2017-06-02 12:10 America/Denver
20120301,3263,BIJOU CR. NR WIGGINS CO,7810.0,2017-06-02 12:10 America/Denver
20120302,3263,BIJOU CR. NR WIGGINS CO,8025.0,2017-06-02 12:10 America/Denver
20120303,3263,BIJOU CR. NR WIGGINS CO,11876.0,2017-06-02 12:10 America/Denver
20120304,3263,BIJOU CR. NR WIGGINS CO,7956.0,2017-06-02 12:10 America/Denver
20120305,3263,BIJOU CR. NR WIGGINS CO,1589.0,2017-06-02 12:10 America/Denver
20120306,3263,BIJOU CR. NR WIGGINS CO,14.0,2017-06-02 12:10 America/Denver
20120307,3263,BIJOU CR. NR WIGGINS CO,0.0,2017-06-02 12:10 America/Denver
20120308,3263,BIJOU CR. NR WIGGINS CO,411.0,2017-06-02 12:10 America/Denver
20120309,3263,BIJOU CR. NR WIGGINS CO,6.0,2017-06-02 12:10 America/Denver
20120310,3263,BIJOU CR. NR WIGGINS CO,0.0,2017-06-02 12:10 America/Denver
20120311,3263,BIJOU CR. NR WIGGINS CO,0.0,2017-06-02 12:10 America/Denver
20120312,3263,BIJOU CR. NR WIGGINS CO,0.0,2017-06-02 12:10 America/Denver
20120313,3263,BIJOU CR. NR WIGGINS CO,0.0,2017-06-02 12:10 America/Denver
20120314,3263,BIJOU CR. NR WIGGINS CO,0.0,2017-06-02 12:10 America/Denver
20120315,3263,BIJOU CR. NR WIGGINS CO,0.0,2017-06-02 12:10 America/Denver
20120316,3263,BIJOU CR. NR WIGGINS CO,0.0,2017-06-02 12:10 America/Denver
20120317,3263,BIJOU CR. NR WIGGINS CO,0.0,2017-06-02 12:10 America/Denver
20120318,3263,BIJOU CR. NR WIGGINS CO,0.0,2017-06-02 12:10 America/Denver
20120319,3263,BIJOU CR. NR WIGGINS CO,0.0,2017-06-02 12:10 America/Denver
20120320,3263,BIJOU CR. NR WIGGINS CO,0.0,2017-06-02 12:10 America/Denver
20120321,3263,BIJOU CR. NR WIGGINS CO,1.0,2017-06-02 12:10 America/Denver
20120322,3263,BIJOU CR. NR WIGGINS CO,0.0,2017-06-02 12:10 America/Denver
20120323,3263,BIJOU CR. NR WIGGINS CO,0.0,2017-06-02 12:10 America/Denver
20120324,3263,BIJOU CR. NR WIGGINS CO,0.0,2017-06-02 12:10 America/Denver
20120325,3263,BIJOU CR. NR WIGGINS CO,0.0,2017-06-02 12:10 America/Denver
20120326,3263,BIJOU CR. NR WIGGINS CO,0.0,2017-06-02 12:10 America/Denver
20120327,3263,BIJOU CR. NR WIGGINS CO,0.0,2017-06-02 12:10 America/Denver
20120328,3263,BIJOU CR. NR WIGGINS CO,0.0,2017-06-02 12:10 America/Denver
20120329,3263,BIJOU CR. NR WIGGINS CO,0.0,2017-06-02 12:10 America/Denver
20120330,3263,BIJOU CR. NR WIGGINS CO,0.0,2017-06-02 12:10 America/Denver
20120331,3263,BIJOU CR. NR WIGGINS CO,0.0,2017-06-02 12:10 America/Denver
20120401,3263,BIJOU CR. NR WIGGINS CO,0.0,2017-06-02 12:10 America/Denver
20120402,3263,BIJOU CR. NR WIGGINS CO,0.0,2017-06-02 12:10 America/Denver
20120403,3263,BIJOU CR. NR WIGGINS CO,0.0,2017-06-02 12:10 America/Denver
20120404,3263,BIJOU CR. NR WIGGINS CO,22876.0,2017-06-02 12:10 America/Denver
20120405,3263,BIJOU CR. NR WIGGINS CO,8632.0,2017-06-02 12:10 America/Denver
20120406,3263,BIJOU CR. NR WIGGINS CO,0.0,2017-06-02 12:10 America/Denver
20120407,3263,BIJOU CR. NR WIGGINS CO,0.0,2017-06-02 12:10 America/Denver
20120408,3263,BIJOU CR. NR WIGGINS CO,0.0,2017-06-02 12:10 America/Denver
20120409,3263,BIJOU CR. NR WIGGINS CO,0.0,2017-06-02 12:10 America/Denver
20120410,3263,BIJOU CR. NR WIGGINS CO,0.0,2017-06-02 12:10 America/Denver
20120411,3263,BIJOU CR. NR WIGGINS CO,0.0,2017-06-02 12:10 America/Denver
20120412,3263,BIJOU CR. NR WIGGINS CO,0.0,2017-06-02 12:10 America/Denver
20120413,3263,BIJOU CR. NR WIGGINS CO,0.0,2017-06-02 12:10 America/Denver
20120414,3263,BIJOU CR. NR WIGGINS CO,0.0,2017-06-02 12:10 America/Denver
20120415,3263,BIJOU CR. NR WIGGINS CO,0.0,2017-06-02 12:10 America/Denver
20120416,3263,BIJOU CR. NR WIGGINS CO,1.0,2017-06-02 12:10 America/Denver
20120417,3263,BIJOU CR. NR WIGGINS CO,24.0,2017-06-02 12:10 America/Denver
20120418,3263,BIJOU CR. NR WIGGINS CO,0.0,2017-06-02 12:10 America/Denver
20120419,3263,BIJOU CR. NR WIGGINS CO,0.0,2017-06-02 12:10 America/Denver
20120420,3263,BIJOU CR. NR WIGGINS CO,0.0,2017-06-02 12:10 America/Denver
20120421,3263,BIJOU CR. NR WIGGINS CO,0.0,2017-06-02 12:10 America/Denver
20120422,3263,BIJOU CR. NR WIGGINS CO,0.0,2017-06-02 12:10 America/Denver
20120423,3263,BIJOU CR. NR WIGGINS CO,0.0,2017-06-02 12:10 America/Denver
20120424,3263,BIJOU CR. NR WIGGINS CO,0.0,2017-06-02 12:10 America/Denver
20120425,3263,BIJOU CR. NR WIGGINS CO,0.0,2017-06-02 12:10 America/Denver
20120426,3263,BIJOU CR. NR WIGGINS CO,0.0,2017-06-02 12:10 America/Denver
20120427,3263,BIJOU CR. NR WIGGINS CO,0.0,2017-06-02 12:10 America/Denver
20120428,3263,BIJOU CR. NR WIGGINS CO,0.0,2017-06-02 12:10 America/Denver
20120429,3263,BIJOU CR. NR WIGGINS CO,0.0,2017-06-02 12:10 America/Denver
20120430,3263,BIJOU CR. NR WIGGINS CO,0.0,2017-06-02 12:10 America/Denver
20120501,3263,BIJOU CR. NR WIGGINS CO,0.0,2017-06-02 12:10 America/Denver
20120502,3263,BIJOU CR. NR WIGGINS CO,0.0,2017-06-02 12:10 America/Denver
20120503,3263,BIJOU CR. NR WIGGINS CO,0.0,2017-06-02 12:10 America/Denver
20120504,3263,BIJOU CR. NR WIGGINS CO,0.0,2017-06-02 12:10 America/Denver
20120505,3263,BIJOU CR. NR WIGGINS CO,0.0,2017-06-02 12:10 America/Denver
20120506,3263,BIJOU CR. NR WIGGINS CO,0.0,2017-06-02 12:10 America/Denver
20120507,3263,BIJOU CR. NR WIGGINS CO,0.0,2017-06-02 12:10 America/Denver
20120508,3263,BIJOU CR. NR WIGGINS CO,0.0,2017-06-02 12:10 America/Denver
20120509,3263,BIJOU CR. NR WIGGINS CO,0.0,2017-06-02 12:10 America/Denver
20120510,3263,BIJOU CR. NR WIGGINS CO,0.0,2017-06-02 12:10 America/Denver
20120511,3263,BIJOU CR. NR WIGGINS CO,0.0,2017-06-02 12:10 America/Denver
20120512,3263,BIJOU CR. NR WIGGINS CO,0.0,2017-06-02 12:10 America/Denver
20120513,3263,BIJOU CR. NR WIGGINS CO,0.0,2017-06-02 12:10 America/Denver
20120514,3263,BIJOU CR. NR WIGGINS CO,0.0,2017-06-02 12:10 America/Denver
20120515,3263,BIJOU CR. NR WIGGINS CO,0.0,2017-06-02 12:10 America/Denver
20120516,3263,BIJOU CR. NR WIGGINS CO,0.0,2017-06-02 12:10 America/Denver
20120517,3263,BIJOU CR. NR WIGGINS CO,0.0,2017-06-02 12:10 America/Denver
20120518,3263,BIJOU CR. NR WIGGINS CO,0.0,2017-06-02 12:10 America/Denver
20120519,3263,BIJOU CR. NR WIGGINS CO,0.0,2017-06-02 12:10 America/Denver
20120520,3263,BIJOU CR. NR WIGGINS CO,0.0,2017-06-02 12:10 America/Denver
20120521,3263,BIJOU CR. NR WIGGINS CO,0.0,2017-06-02 12:10 America/Denver
20120522,3263,BIJOU CR. NR WIGGINS CO,0.0,2017-06-02 12:10 America/Denver
20120523,3263,BIJOU CR. NR WIGGINS CO,0.0,2017-06-02 12:10 America/Denver
20120524,3263,BIJOU CR. NR WIGGINS CO,0.0,2017-06-02 12:10 America/Denver
20120525,3263,BIJOU CR. NR WIGGINS CO,0.0,2017-06-02 12:10 America/Denver
20120526,3263,BIJOU CR. NR WIGGINS CO,0.0,2017-06-02 12:10 America/Denver
20120527,3263,BIJOU CR. NR WIGGINS CO,0.0,2017-06-02 12:10 America/Denver
20120528,3263,BIJOU CR. NR WIGGINS CO,0.0,2017-06-02 12:10 America/Denver
20120529,3263,BIJOU CR. NR WIGGINS CO,0.0,2017-06-02 12:10 America/Denver
20120530,3263,BIJOU CR. NR WIGGINS CO,0.0,2017-06-02 12:10 America/Denver
20120531,3263,BIJOU CR. NR WIGGINS CO,0.0,2017-06-02 12:10 America/Denver
20120601,3263,BIJOU CR. NR WIGGINS CO,0.0,2017-06-02 12:10 America/Denver
20120602,3263,BIJOU CR. NR WIGGINS CO,0.0,2017-06-02 12:10 America/Denver
20120603,3263,BIJOU CR. NR WIGGINS CO,0.0,2017-06-02 12:10 America/Denver
20120604,3263,BIJOU CR. NR WIGGINS CO,0.0,2017-06-02 12:10 America/Denver
20120605,3263,BIJOU CR. NR WIGGINS CO,0.0,2017-06-02 12:10 America/Denver
20120606,3263,BIJOU CR. NR WIGGINS CO,0.0,2017-06-02 12:10 America/Denver
20120607,3263,BIJOU CR. NR WIGGINS CO,0.0,2017-06-02 12:10 America/Denver
20120608,3263,BIJOU CR. NR WIGGINS CO,0.0,2017-06-02 12:10 America/Denver
20120609,3263,BIJOU CR. NR WIGGINS CO,0.0,2017-06-02 12:10 America/Denver
20120610,3263,BIJOU CR. NR WIGGINS CO,0.0,2017-06-02 12:10 America/Denver
20120611,3263,BIJOU CR. NR WIGGINS CO,0.0,2017-06-02 12:10 America/Denver
20120612,3263,BIJOU CR. NR WIGGINS CO,0.0,2017-06-02 12:10 America/Denver
20120613,3263,BIJOU CR. NR WIGGINS CO,0.0,2017-06-02 12:10 America/Denver
20120614,3263,BIJOU CR. NR WIGGINS CO,0.0,2017-06-02 12:10 America/Denver
20120615,3263,BIJOU CR. NR WIGGINS CO,0.0,2017-06-02 12:10 America/Denver
20120616,3263,BIJOU CR. NR WIGGINS CO,0.0,2017-06-02 12:10 America/Denver
20120617,3263,BIJOU CR. NR WIGGINS CO,0.0,2017-06-02 12:10 America/Denver
20120618,3263,BIJOU CR. NR WIGGINS CO,0.0,2017-06-02 12:10 America/Denver
20120619,3263,BIJOU CR. NR WIGGINS CO,0.0,2017-06-02 12:10 America/Denver
20120620,3263,BIJOU CR. NR WIGGINS CO,0.0,2017-06-02 12:10 America/Denver
20120621,3263,BIJOU CR. NR WIGGINS CO,0.0,2017-06-02 12:10 America/Denver
20120622,3263,BIJOU CR. NR WIGGINS CO,0.0,2017-06-02 12:10 America/Denver
20120623,3263,BIJOU CR. NR WIGGINS CO,0.0,2017-06-02 12:10 America/Denver
20120624,3263,BIJOU CR. NR WIGGINS CO,0.0,2017-06-02 12:10 America/Denver
20120625,3263,BIJOU CR. NR WIGGINS CO,0.0,2017-06-02 12:10 America/Denver
20120626,3263,BIJOU CR. NR WIGGINS CO,0.0,2017-06-02 12:10 America/Denver
20120627,3263,BIJOU CR. NR WIGGINS CO,0.0,2017-06-02 12:10 America/Denver
20120628,3263,BIJOU CR. NR WIGGINS CO,0.0,2017-06-02 12:10 America/Denver
20120629,3263,BIJOU CR. NR WIGGINS CO,0.0,2017-06-02 12:10 America/Denver
20120630,3263,BIJOU CR. NR WIGGINS CO,0.0,2017-06-02 12:10 America/Denver
20120701,3263,BIJOU CR. NR WIGGINS CO,0.0,2017-06-02 12:10 America/Denver
20120702,3263,BIJOU CR. NR WIGGINS CO,0.0,2017-06-02 12:10 America/Denver
20120703,3263,BIJOU CR. NR WIGGINS CO,0.0,2017-06-02 12:10 America/Denver
20120704,3263,BIJOU CR. NR WIGGINS CO,0.0,2017-06-02 12:10 America/Denver
20120705,3263,BIJOU CR. NR WIGGINS CO,0.0,2017-06-02 12:10 America/Denver
20120706,3263,BIJOU CR. NR WIGGINS CO,0.0,2017-06-02 12:10 America/Denver
20120707,3263,BIJOU CR. NR WIGGINS CO,0.0,2017-06-02 12:10 America/Denver
20120708,3263,BIJOU CR. NR WIGGINS CO,0.0,2017-06-02 12:10 America/Denver
20120709,3263,BIJOU CR. NR WIGGINS CO,0.0,2017-06-02 12:10 America/Denver
20120710,3263,BIJOU CR. NR WIGGINS CO,0.0,2017-06-02 12:10 America/Denver
20120711,3263,BIJOU CR. NR WIGGINS CO,0.0,2017-06-02 12:10 America/Denver
20120712,3263,BIJOU CR. NR WIGGINS CO,0.0,2017-06-02 12:10 America/Denver
20120713,3263,BIJOU CR. NR WIGGINS CO,0.0,2017-06-02 12:10 America/Denver
20120714,3263,BIJOU CR. NR WIGGINS CO,0.0,2017-06-02 12:10 America/Denver
20120715,3263,BIJOU CR. NR WIGGINS CO,0.0,2017-06-02 12:10 America/Denver
20120716,3263,BIJOU CR. NR WIGGINS CO,0.0,2017-06-02 12:10 America/Denver
20120717,3263,BIJOU CR. NR WIGGINS CO,0.0,2017-06-02 12:10 America/Denver
20120718,3263,BIJOU CR. NR WIGGINS CO,0.0,2017-06-02 12:10 America/Denver
20120719,3263,BIJOU CR. NR WIGGINS CO,0.0,2017-06-02 12:10 America/Denver
20120720,3263,BIJOU CR. NR WIGGINS CO,0.0,2017-06-02 12:10 America/Denver
20120721,3263,BIJOU CR. NR WIGGINS CO,0.0,2017-06-02 12:10 America/Denver
20120722,3263,BIJOU CR. NR WIGGINS CO,0.0,2017-06-02 12:10 America/Denver
20120723,3263,BIJOU CR. NR WIGGINS CO,0.0,2017-06-02 12:10 America/Denver
20120724,3263,BIJOU CR. NR WIGGINS CO,0.0,2017-06-02 12:10 America/Denver
20120725,3263,BIJOU CR. NR WIGGINS CO,0.0,2017-06-02 12:10 America/Denver
20120726,3263,BIJOU CR. NR WIGGINS CO,0.0,2017-06-02 12:10 America/Denver
20120727,3263,BIJOU CR. NR WIGGINS CO,0.0,2017-06-02 12:10 America/Denver
20120728,3263,BIJOU CR. NR WIGGINS CO,0.0,2017-06-02 12:10 America/Denver
20120729,3263,BIJOU CR. NR WIGGINS CO,0.0,2017-06-02 12:10 America/Denver
20120730,3263,BIJOU CR. NR WIGGINS CO,0.0,2017-06-02 12:10 America/Denver
20120731,3263,BIJOU CR. NR WIGGINS CO,0.0,2017-06-02 12:10 America/Denver
20120801,3263,BIJOU CR. NR WIGGINS CO,0.0,2017-06-02 12:10 America/Denver
20120802,3263,BIJOU CR. NR WIGGINS CO,0.0,2017-06-02 12:10 America/Denver
20120803,3263,BIJOU CR. NR WIGGINS CO,0.0,2017-06-02 12:10 America/Denver
20120804,3263,BIJOU CR. NR WIGGINS CO,0.0,2017-06-02 12:10 America/Denver
20120805,3263,BIJOU CR. NR WIGGINS CO,0.0,2017-06-02 12:10 America/Denver
20120806,3263,BIJOU CR. NR WIGGINS CO,0.0,2017-06-02 12:10 America/Denver
20120807,3263,BIJOU CR. NR WIGGINS CO,0.0,2017-06-02 12:10 America/Denver
20120808,3263,BIJOU CR. NR WIGGINS CO,0.0,2017-06-02 12:10 America/Denver
20120809,3263,BIJOU CR. NR WIGGINS CO,0.0,2017-06-02 12:10 America/Denver
20120810,3263,BIJOU CR. NR WIGGINS CO,0.0,2017-06-02 12:10 America/Denver
20120811,3263,BIJOU CR. NR WIGGINS CO,0.0,2017-06-02 12:10 America/Denver
20120812,3263,BIJOU CR. NR WIGGINS CO,0.0,2017-06-02 12:10 America/Denver
20120813,3263,BIJOU CR. NR WIGGINS CO,0.0,2017-06-02 12:10 America/Denver
20120814,3263,BIJOU CR. NR WIGGINS CO,0.0,2017-06-02 12:10 America/Denver
20120815,3263,BIJOU CR. NR WIGGINS CO,0.0,2017-06-02 12:10 America/Denver
20120816,3263,BIJOU CR. NR WIGGINS CO,0.0,2017-06-02 12:10 America/Denver
20120817,3263,BIJOU CR. NR WIGGINS CO,0.0,2017-06-02 12:10 America/Denver
20120818,3263,BIJOU CR. NR WIGGINS CO,0.0,2017-06-02 12:10 America/Denver
20120819,3263,BIJOU CR. NR WIGGINS CO,0.0,2017-06-02 12:10 America/Denver
20120820,3263,BIJOU CR. NR WIGGINS CO,0.0,2017-06-02 12:10 America/Denver
20120821,3263,BIJOU CR. NR WIGGINS CO,0.0,2017-06-02 12:10 America/Denver
20120822,3263,BIJOU CR. NR WIGGINS CO,0.0,2017-06-02 12:10 America/Denver
20120823,3263,BIJOU CR. NR WIGGINS CO,0.0,2017-06-02 12:10 America/Denver
20120824,3263,BIJOU CR. NR WIGGINS CO,0.0,2017-06-02 12:10 America/Denver
20120825,3263,BIJOU CR. NR WIGGINS CO,0.0,2017-06-02 12:10 America/Denver
20120826,3263,BIJOU CR. NR WIGGINS CO,0.0,2017-06-02 12:10 America/Denver
20120827,3263,BIJOU CR. NR WIGGINS CO,0.0,2017-06-02 12:10 America/Denver
20120828,3263,BIJOU CR. NR WIGGINS CO,0.0,2017-06-02 12:10 America/Denver
20120829,3263,BIJOU CR. NR WIGGINS CO,0.0,2017-06-02 12:10 America/Denver
20120830,3263,BIJOU CR. NR WIGGINS CO,0.0,2017-06-02 12:10 America/Denver
20120831,3263,BIJOU CR. NR WIGGINS CO,0.0,2017-06-02 12:10 America/Denver
20120901,3263,BIJOU CR. NR WIGGINS CO,0.0,2017-06-02 12:10 America/Denver
20120902,3263,BIJOU CR. NR WIGGINS CO,0.0,2017-06-02 12:10 America/Denver
20120903,3263,BIJOU CR. NR WIGGINS CO,0.0,2017-06-02 12:10 America/Denver
20120904,3263,BIJOU CR. NR WIGGINS CO,0.0,2017-06-02 12:10 America/Denver
20120905,3263,BIJOU CR. NR WIGGINS CO,0.0,2017-06-02 12:10 America/Denver
20120906,3263,BIJOU CR. NR WIGGINS CO,0.0,2017-06-02 12:10 America/Denver
20120907,3263,BIJOU CR. NR WIGGINS CO,0.0,2017-06-02 12:10 America/Denver
20120908,3263,BIJOU CR. NR WIGGINS CO,0.0,2017-06-02 12:10 America/Denver
20120909,3263,BIJOU CR. NR WIGGINS CO,0.0,2017-06-02 12:10 America/Denver
20120910,3263,BIJOU CR. NR WIGGINS CO,0.0,2017-06-02 12:10 America/Denver
20120911,3263,BIJOU CR. NR WIGGINS CO,0.0,2017-06-02 12:10 America/Denver
20120912,3263,BIJOU CR. NR WIGGINS CO,0.0,2017-06-02 12:10 America/Denver
20120913,3263,BIJOU CR. NR WIGGINS CO,0.0,2017-06-02 12:10 America/Denver
20120914,3263,BIJOU CR. NR WIGGINS CO,0.0,2017-06-02 12:10 America/Denver
20120915,3263,BIJOU CR. NR WIGGINS CO,0.0,2017-06-02 12:10 America/Denver
20120916,3263,BIJOU CR. NR WIGGINS CO,0.0,2017-06-02 12:10 America/Denver
20120917,3263,BIJOU CR. NR WIGGINS CO,0.0,2017-06-02 12:10 America/Denver
20120918,3263,BIJOU CR. NR WIGGINS CO,0.0,2017-06-02 12:10 America/Denver
20120919,3263,BIJOU CR. NR WIGGINS CO,0.0,2017-06-02 12:10 America/Denver
20120920,3263,BIJOU CR. NR WIGGINS CO,0.0,2017-06-02 12:10 America/Denver
20120921,3263,BIJOU CR. NR WIGGINS CO,0.0,2017-06-02 12:10 America/Denver
20120922,3263,BIJOU CR. NR WIGGINS CO,0.0,2017-06-02 12:10 America/Denver
20120923,3263,BIJOU CR. NR WIGGINS CO,0.0,2017-06-02 12:10 America/Denver
20120924,3263,BIJOU CR. NR WIGGINS CO,0.0,2017-06-02 12:10 America/Denver
20120925,3263,BIJOU CR. NR WIGGINS CO,0.0,2017-06-02 12:10 America/Denver
20120926,3263,BIJOU CR. NR WIGGINS CO,0.0,2017-06-02 12:10 America/Denver
20120927,3263,BIJOU CR. NR WIGGINS CO,0.0,2017-06-02 12:10 America/Denver
20120928,3263,BIJOU CR. NR WIGGINS CO,0.0,2017-06-02 12:10 America/Denver
20120929,3263,BIJOU CR. NR WIGGINS CO,0.0,2017-06-02 12:10 America/Denver
20120930,3263,BIJOU CR. NR WIGGINS CO,0.0,2017-06-02 12:10 America/Denver
20121001,3263,BIJOU CR. NR WIGGINS CO,0.0,2017-06-02 12:10 America/Denver
20121002,3263,BIJOU CR. NR WIGGINS CO,0.0,2017-06-02 12:10 America/Denver
20121003,3263,BIJOU CR. NR WIGGINS CO,0.0,2017-06-02 12:10 America/Denver
20121004,3263,BIJOU CR. NR WIGGINS CO,0.0,2017-06-02 12:10 America/Denver
20121005,3263,BIJOU CR. NR WIGGINS CO,0.0,2017-06-02 12:10 America/Denver
20121006,3263,BIJOU CR. NR WIGGINS CO,2838.0,2017-06-02 12:10 America/Denver
20121007,3263,BIJOU CR. NR WIGGINS CO,10354.0,2017-06-02 12:10 America/Denver
20121008,3263,BIJOU CR. NR WIGGINS CO,41.0,2017-06-02 12:10 America/Denver
20121009,3263,BIJOU CR. NR WIGGINS CO,0.0,2017-06-02 12:10 America/Denver
20121010,3263,BIJOU CR. NR WIGGINS CO,0.0,2017-06-02 12:10 America/Denver
20121011,3263,BIJOU CR. NR WIGGINS CO,0.0,2017-06-02 12:10 America/Denver
20121012,3263,BIJOU CR. NR WIGGINS CO,0.0,2017-06-02 12:10 America/Denver
20121013,3263,BIJOU CR. NR WIGGINS CO,0.0,2017-06-02 12:10 America/Denver
20121014,3263,BIJOU CR. NR WIGGINS CO,0.0,2017-06-02 12:10 America/Denver
20121015,3263,BIJOU CR. NR WIGGINS CO,0.0,2017-06-02 12:10 America/Denver
20121016,3263,BIJOU CR. NR WIGGINS CO,0.0,2017-06-02 12:10 America/Denver
20121017,3263,BIJOU CR. NR WIGGINS CO,0.0,2017-06-02 12:10 America/Denver
20121018,3263,BIJOU CR. NR WIGGINS CO,0.0,2017-06-02 12:10 America/Denver
20121019,3263,BIJOU CR. NR WIGGINS CO,0.0,2017-06-02 12:10 America/Denver
20121020,3263,BIJOU CR. NR WIGGINS CO,0.0,2017-06-02 12:10 America/Denver
20121021,3263,BIJOU CR. NR WIGGINS CO,0.0,2017-06-02 12:10 America/Denver
20121022,3263,BIJOU CR. NR WIGGINS CO,0.0,2017-06-02 12:10 America/Denver
20121023,3263,BIJOU CR. NR WIGGINS CO,0.0,2017-06-02 12:10 America/Denver
20121024,3263,BIJOU CR. NR WIGGINS CO,0.0,2017-06-02 12:10 America/Denver
20121025,3263,BIJOU CR. NR WIGGINS CO,13579.0,2017-06-02 12:10 America/Denver
20121026,3263,BIJOU CR. NR WIGGINS CO,23008.0,2017-06-02 12:10 America/Denver
20121027,3263,BIJOU CR. NR WIGGINS CO,40457.0,2017-06-02 12:10 America/Denver
20121028,3263,BIJOU CR. NR WIGGINS CO,36792.0,2017-06-02 12:10 America/Denver
20121029,3263,BIJOU CR. NR WIGGINS CO,0.0,2017-06-02 12:10 America/Denver
20121030,3263,BIJOU CR. NR WIGGINS CO,0.0,2017-06-02 12:10 America/Denver
20121031,3263,BIJOU CR. NR WIGGINS CO,0.0,2017-06-02 12:10 America/Denver
20121101,3263,BIJOU CR. NR WIGGINS CO,0.0,2017-06-02 12:10 America/Denver
20121102,3263,BIJOU CR. NR WIGGINS CO,0.0,2017-06-02 12:10 America/Denver
20121103,3263,BIJOU CR. NR WIGGINS CO,0.0,2017-06-02 12:10 America/Denver
20121104,3263,BIJOU CR. NR WIGGINS CO,0.0,2017-06-02 12:10 America/Denver
20121105,3263,BIJOU CR. NR WIGGINS CO,0.0,2017-06-02 12:10 America/Denver
20121106,3263,BIJOU CR. NR WIGGINS CO,0.0,2017-06-02 12:10 America/Denver
20121107,3263,BIJOU CR. NR WIGGINS CO,0.0,2017-06-02 12:10 America/Denver
20121108,3263,BIJOU CR. NR WIGGINS CO,0.0,2017-06-02 12:10 America/Denver
20121109,3263,BIJOU CR. NR WIGGINS CO,0.0,2017-06-02 12:10 America/Denver
20121110,3263,BIJOU CR. NR WIGGINS CO,0.0,2017-06-02 12:10 America/Denver
20121111,3263,BIJOU CR. NR WIGGINS CO,11080.0,2017-06-02 12:10 America/Denver
20121112,3263,BIJOU CR. NR WIGGINS CO,17009.0,2017-06-02 12:10 America/Denver
20121113,3263,BIJOU CR. NR WIGGINS CO,13670.0,2017-06-02 12:10 America/Denver
20121114,3263,BIJOU CR. NR WIGGINS CO,4503.0,2017-06-02 12:10 America/Denver
20121115,3263,BIJOU CR. NR WIGGINS CO,2104.0,2017-06-02 12:10 America/Denver
20121116,3263,BIJOU CR. NR WIGGINS CO,513.0,2017-06-02 12:10 America/Denver
20121117,3263,BIJOU CR. NR WIGGINS CO,59.0,2017-06-02 12:10 America/Denver
20121118,3263,BIJOU CR. NR WIGGINS CO,0.0,2017-06-02 12:10 America/Denver
20121119,3263,BIJOU CR. NR WIGGINS CO,0.0,2017-06-02 12:10 America/Denver
20121120,3263,BIJOU CR. NR WIGGINS CO,0.0,2017-06-02 12:10 America/Denver
20121121,3263,BIJOU CR. NR WIGGINS CO,0.0,2017-06-02 12:10 America/Denver
20121122,3263,BIJOU CR. NR WIGGINS CO,0.0,2017-06-02 12:10 America/Denver
20121123,3263,BIJOU CR. NR WIGGINS CO,0.0,2017-06-02 12:10 America/Denver
20121124,3263,BIJOU CR. NR WIGGINS CO,0.0,2017-06-02 12:10 America/Denver
20121125,3263,BIJOU CR. NR WIGGINS CO,0.0,2017-06-02 12:10 America/Denver
20121126,3263,BIJOU CR. NR WIGGINS CO,0.0,2017-06-02 12:10 America/Denver
20121127,3263,BIJOU CR. NR WIGGINS CO,0.0,2017-06-02 12:10 America/Denver
20121128,3263,BIJOU CR. NR WIGGINS CO,0.0,2017-06-02 12:10 America/Denver
20121129,3263,BIJOU CR. NR WIGGINS CO,0.0,2017-06-02 12:10 America/Denver
20121130,3263,BIJOU CR. NR WIGGINS CO,0.0,2017-06-02 12:10 America/Denver
20121201,3263,BIJOU CR. NR WIGGINS CO,0.0,2017-06-02 12:10 America/Denver
20121202,3263,BIJOU CR. NR WIGGINS CO,0.0,2017-06-02 12:10 America/Denver
20121203,3263,BIJOU CR. NR WIGGINS CO,0.0,2017-06-02 12:10 America/Denver
20121204,3263,BIJOU CR. NR WIGGINS CO,0.0,2017-06-02 12:10 America/Denver
20121205,3263,BIJOU CR. NR WIGGINS CO,0.0,2017-06-02 12:10 America/Denver
20121206,3263,BIJOU CR. NR WIGGINS CO,0.0,2017-06-02 12:10 America/Denver
20121207,3263,BIJOU CR. NR WIGGINS CO,0.0,2017-06-02 12:10 America/Denver
20121208,3263,BIJOU CR. NR WIGGINS CO,0.0,2017-06-02 12:10 America/Denver
20121209,3263,BIJOU CR. NR WIGGINS CO,8775.0,2017-06-02 12:10 America/Denver
20121210,3263,BIJOU CR. NR WIGGINS CO,16739.0,2017-06-02 12:10 America/Denver
20121211,3263,BIJOU CR. NR WIGGINS CO,10839.0,2017-06-02 12:10 America/Denver
20121212,3263,BIJOU CR. NR WIGGINS CO,15787.0,2017-06-02 12:10 America/Denver
20121213,3263,BIJOU CR. NR WIGGINS CO,0.0,2017-06-02 12:10 America/Denver
20121214,3263,BIJOU CR. NR WIGGINS CO,54.0,2017-06-02 12:10 America/Denver
20121215,3263,BIJOU CR. NR WIGGINS CO,70.0,2017-06-02 12:10 America/Denver
20121216,3263,BIJOU CR. NR WIGGINS CO,37.0,2017-06-02 12:10 America/Denver
20121217,3263,BIJOU CR. NR WIGGINS CO,708.0,2017-06-02 12:10 America/Denver
20121218,3263,BIJOU CR. NR WIGGINS CO,1.0,2017-06-02 12:10 America/Denver
20121219,3263,BIJOU CR. NR WIGGINS CO,0.0,2017-06-02 12:10 America/Denver
20121220,3263,BIJOU CR. NR WIGGINS CO,,2017-06-02 12:10 America/Denver
20121221,3263,BIJOU CR. NR WIGGINS CO,8415.0,2017-06-02 12:10 America/Denver
20121222,3263,BIJOU CR. NR WIGGINS CO,891.0,2017-06-02 12:10 America/Denver
20121223,3263,BIJOU CR. NR WIGGINS CO,2.0,2017-06-02 12:10 America/Denver
20121224,3263,BIJOU CR. NR WIGGINS CO,0.0,2017-06-02 12:10 America/Denver
20121225,3263,BIJOU CR. NR WIGGINS CO,4606.0,2017-06-02 12:10 America/Denver
20121226,3263,BIJOU CR. NR WIGGINS CO,15451.0,2017-06-02 12:10 America/Denver
20121227,3263,BIJOU CR. NR WIGGINS CO,15331.0,2017-06-02 12:10 America/Denver
20121228,3263,BIJOU CR. NR WIGGINS CO,17484.0,2017-06-02 12:10 America/Denver
20121229,3263,BIJOU CR. NR WIGGINS CO,17235.0,2017-06-02 12:10 America/Denver
20121230,3263,BIJOU CR. NR WIGGINS CO,15221.0,2017-06-02 12:10 America/Denver
20121231,3263,BIJOU CR. NR WIGGINS CO,12920.0,2017-06-02 12:10 America/Denver
20130101,3263,BIJOU CR. NR WIGGINS CO,18097.0,2017-06-02 12:10 America/Denver
20130102,3263,BIJOU CR. NR WIGGINS CO,17842.0,2017-06-02 12:10 America/Denver
20130103,3263,BIJOU CR. NR WIGGINS CO,16110.0,2017-06-02 12:10 America/Denver
20130104,3263,BIJOU CR. NR WIGGINS CO,14870.0,2017-06-02 12:10 America/Denver
20130105,3263,BIJOU CR. NR WIGGINS CO,13546.0,2017-06-02 12:10 America/Denver
20130106,3263,BIJOU CR. NR WIGGINS CO,11565.0,2017-06-02 12:10 America/Denver
20130107,3263,BIJOU CR. NR WIGGINS CO,4153.0,2017-06-02 12:10 America/Denver
20130108,3263,BIJOU CR. NR WIGGINS CO,646.0,2017-06-02 12:10 America/Denver
20130109,3263,BIJOU CR. NR WIGGINS CO,0.0,2017-06-02 12:10 America/Denver
20130110,3263,BIJOU CR. NR WIGGINS CO,0.0,2017-06-02 12:10 America/Denver
20130111,3263,BIJOU CR. NR WIGGINS CO,0.0,2017-06-02 12:10 America/Denver
20130112,3263,BIJOU CR. NR WIGGINS CO,4804.0,2017-06-02 12:10 America/Denver
20130113,3263,BIJOU CR. NR WIGGINS CO,4969.0,2017-06-02 12:10 America/Denver
20130114,3263,BIJOU CR. NR WIGGINS CO,5221.0,2017-06-02 12:10 America/Denver
20130115,3263,BIJOU CR. NR WIGGINS CO,11294.0,2017-06-02 12:10 America/Denver
20130116,3263,BIJOU CR. NR WIGGINS CO,10593.0,2017-06-02 12:10 America/Denver
20130117,3263,BIJOU CR. NR WIGGINS CO,3824.0,2017-06-02 12:10 America/Denver
20130118,3263,BIJOU CR. NR WIGGINS CO,641.0,2017-06-02 12:10 America/Denver
20130119,3263,BIJOU CR. NR WIGGINS CO,0.0,2017-06-02 12:10 America/Denver
20130120,3263,BIJOU CR. NR WIGGINS CO,0.0,2017-06-02 12:10 America/Denver
20130121,3263,BIJOU CR. NR WIGGINS CO,0.0,2017-06-02 12:10 America/Denver
20130122,3263,BIJOU CR. NR WIGGINS CO,0.0,2017-06-02 12:10 America/Denver
20130123,3263,BIJOU CR. NR WIGGINS CO,0.0,2017-06-02 12:10 America/Denver
20130124,3263,BIJOU CR. NR WIGGINS CO,0.0,2017-06-02 12:10 America/Denver
20130125,3263,BIJOU CR. NR WIGGINS CO,0.0,2017-06-02 12:10 America/Denver
20130126,3263,BIJOU CR. NR WIGGINS CO,0.0,2017-06-02 12:10 America/Denver
20130127,3263,BIJOU CR. NR WIGGINS CO,0.0,2017-06-02 12:10 America/Denver
20130128,3263,BIJOU CR. NR WIGGINS CO,0.0,2017-06-02 12:10 America/Denver
20130129,3263,BIJOU CR. NR WIGGINS CO,4859.0,2017-06-02 12:10 America/Denver
20130130,3263,BIJOU CR. NR WIGGINS CO,14171.0,2017-06-02 12:10 America/Denver
20130131,3263,BIJOU CR. NR WIGGINS CO,12421.0,2017-06-02 12:10 America/Denver
20130201,3263,BIJOU CR. NR WIGGINS CO,10026.0,2017-06-02 12:10 America/Denver
20130202,3263,BIJOU CR. NR WIGGINS CO,133.0,2017-06-02 12:10 America/Denver
20130203,3263,BIJOU CR. NR WIGGINS CO,3.0,2017-06-02 12:10 America/Denver
20130204,3263,BIJOU CR. NR WIGGINS CO,0.0,2017-06-02 12:10 America/Denver
20130205,3263,BIJOU CR. NR WIGGINS CO,0.0,2017-06-02 12:10 America/Denver
20130206,3263,BIJOU CR. NR WIGGINS CO,0.0,2017-06-02 12:10 America/Denver
20130207,3263,BIJOU CR. NR WIGGINS CO,4821.0,2017-06-02 12:10 America/Denver
20130208,3263,BIJOU CR. NR WIGGINS CO,5035.0,2017-06-02 12:10 America/Denver
20130209,3263,BIJOU CR. NR WIGGINS CO,335.0,2017-06-02 12:10 America/Denver
20130210,3263,BIJOU CR. NR WIGGINS CO,2946.0,2017-06-02 12:10 America/Denver
20130211,3263,BIJOU CR. NR WIGGINS CO,5299.0,2017-06-02 12:10 America/Denver
20130212,3263,BIJOU CR. NR WIGGINS CO,6869.0,2017-06-02 12:10 America/Denver
20130213,3263,BIJOU CR. NR WIGGINS CO,5093.0,2017-06-02 12:10 America/Denver
20130214,3263,BIJOU CR. NR WIGGINS CO,285.0,2017-06-02 12:10 America/Denver
20130215,3263,BIJOU CR. NR WIGGINS CO,10499.0,2017-06-02 12:10 America/Denver
20130216,3263,BIJOU CR. NR WIGGINS CO,14123.0,2017-06-02 12:10 America/Denver
20130217,3263,BIJOU CR. NR WIGGINS CO,133.0,2017-06-02 12:10 America/Denver
20130218,3263,BIJOU CR. NR WIGGINS CO,0.0,2017-06-02 12:10 America/Denver
20130219,3263,BIJOU CR. NR WIGGINS CO,2461.0,2017-06-02 12:10 America/Denver
20130220,3263,BIJOU CR. NR WIGGINS CO,73.0,2017-06-02 12:10 America/Denver
20130221,3263,BIJOU CR. NR WIGGINS CO,15796.0,2017-06-02 12:10 America/Denver
20130222,3263,BIJOU CR. NR WIGGINS CO,33583.0,2017-06-02 12:10 America/Denver
20130223,3263,BIJOU CR. NR WIGGINS CO,33546.0,2017-06-02 12:10 America/Denver
20130224,3263,BIJOU CR. NR WIGGINS CO,31895.0,2017-06-02 12:10 America/Denver
20130225,3263,BIJOU CR. NR WIGGINS CO,66877.0,2017-06-02 12:10 America/Denver
20130226,3263,BIJOU CR. NR WIGGINS CO,67444.0,2017-06-02 12:10 America/Denver
20130227,3263,BIJOU CR. NR WIGGINS CO,92496.0,2017-06-02 12:10 America/Denver
20130228,3263,BIJOU CR. NR WIGGINS CO,98570.0,2017-06-02 12:10 America/Denver
20130301,3263,BIJOU CR. NR WIGGINS CO,96902.0,2017-06-02 12:10 America/Denver
20130302,3263,BIJOU CR. NR WIGGINS CO,94274.0,2017-06-02 12:10 America/Denver
20130303,3263,BIJOU CR. NR WIGGINS CO,64150.0,2017-06-02 12:10 America/Denver
20130304,3263,BIJOU CR. NR WIGGINS CO,12831.0,2017-06-02 12:10 America/Denver
20130305,3263,BIJOU CR. NR WIGGINS CO,23602.0,2017-06-02 12:10 America/Denver
20130306,3263,BIJOU CR. NR WIGGINS CO,22104.0,2017-06-02 12:10 America/Denver
20130307,3263,BIJOU CR. NR WIGGINS CO,3106.0,2017-06-02 12:10 America/Denver
20130308,3263,BIJOU CR. NR WIGGINS CO,2.0,2017-06-02 12:10 America/Denver
20130309,3263,BIJOU CR. NR WIGGINS CO,0.0,2017-06-02 12:10 America/Denver
20130310,3263,BIJOU CR. NR WIGGINS CO,65498.0,2017-06-02 12:10 America/Denver
20130311,3263,BIJOU CR. NR WIGGINS CO,64163.0,2017-06-02 12:10 America/Denver
20130312,3263,BIJOU CR. NR WIGGINS CO,32574.0,2017-06-02 12:10 America/Denver
20130313,3263,BIJOU CR. NR WIGGINS CO,36308.0,2017-06-02 12:10 America/Denver
20130314,3263,BIJOU CR. NR WIGGINS CO,8826.0,2017-06-02 12:10 America/Denver
20130315,3263,BIJOU CR. NR WIGGINS CO,43.0,2017-06-02 12:10 America/Denver
20130316,3263,BIJOU CR. NR WIGGINS CO,0.0,2017-06-02 12:10 America/Denver
20130317,3263,BIJOU CR. NR WIGGINS CO,0.0,2017-06-02 12:10 America/Denver
20130318,3263,BIJOU CR. NR WIGGINS CO,0.0,2017-06-02 12:10 America/Denver
20130319,3263,BIJOU CR. NR WIGGINS CO,0.0,2017-06-02 12:10 America/Denver
20130320,3263,BIJOU CR. NR WIGGINS CO,0.0,2017-06-02 12:10 America/Denver
20130321,3263,BIJOU CR. NR WIGGINS CO,0.0,2017-06-02 12:10 America/Denver
20130322,3263,BIJOU CR. NR WIGGINS CO,0.0,2017-06-02 12:10 America/Denver
20130323,3263,BIJOU CR. NR WIGGINS CO,22173.0,2017-06-02 12:10 America/Denver
20130324,3263,BIJOU CR. NR WIGGINS CO,88734.0,2017-06-02 12:10 America/Denver
20130325,3263,BIJOU CR. NR WIGGINS CO,90360.0,2017-06-02 12:10 America/Denver
20130326,3263,BIJOU CR. NR WIGGINS CO,86986.0,2017-06-02 12:10 America/Denver
20130327,3263,BIJOU CR. NR WIGGINS CO,63598.0,2017-06-02 12:10 America/Denver
20130328,3263,BIJOU CR. NR WIGGINS CO,8074.0,2017-06-02 12:10 America/Denver
20130329,3263,BIJOU CR. NR WIGGINS CO,102.0,2017-06-02 12:10 America/Denver
20130330,3263,BIJOU CR. NR WIGGINS CO,0.0,2017-06-02 12:10 America/Denver
20130331,3263,BIJOU CR. NR WIGGINS CO,0.0,2017-06-02 12:10 America/Denver
20130401,3263,BIJOU CR. NR WIGGINS CO,0.0,2017-06-02 12:10 America/Denver
20130402,3263,BIJOU CR. NR WIGGINS CO,0.0,2017-06-02 12:10 America/Denver
20130403,3263,BIJOU CR. NR WIGGINS CO,321.0,2017-06-02 12:10 America/Denver
20130404,3263,BIJOU CR. NR WIGGINS CO,0.0,2017-06-02 12:10 America/Denver
20130405,3263,BIJOU CR. NR WIGGINS CO,0.0,2017-06-02 12:10 America/Denver
20130406,3263,BIJOU CR. NR WIGGINS CO,0.0,2017-06-02 12:10 America/Denver
20130407,3263,BIJOU CR. NR WIGGINS CO,0.0,2017-06-02 12:10 America/Denver
20130408,3263,BIJOU CR. NR WIGGINS CO,0.0,2017-06-02 12:10 America/Denver
20130409,3263,BIJOU CR. NR WIGGINS CO,2508.0,2017-06-02 12:10 America/Denver
20130410,3263,BIJOU CR. NR WIGGINS CO,21307.0,2017-06-02 12:10 America/Denver
20130411,3263,BIJOU CR. NR WIGGINS CO,21147.0,2017-06-02 12:10 America/Denver
20130412,3263,BIJOU CR. NR WIGGINS CO,0.0,2017-06-02 12:10 America/Denver
20130413,3263,BIJOU CR. NR WIGGINS CO,0.0,2017-06-02 12:10 America/Denver
20130414,3263,BIJOU CR. NR WIGGINS CO,0.0,2017-06-02 12:10 America/Denver
20130415,3263,BIJOU CR. NR WIGGINS CO,0.0,2017-06-02 12:10 America/Denver
20130416,3263,BIJOU CR. NR WIGGINS CO,1619.0,2017-06-02 12:10 America/Denver
20130417,3263,BIJOU CR. NR WIGGINS CO,1710.0,2017-06-02 12:10 America/Denver
20130418,3263,BIJOU CR. NR WIGGINS CO,21787.0,2017-06-02 12:10 America/Denver
20130419,3263,BIJOU CR. NR WIGGINS CO,24409.0,2017-06-02 12:10 America/Denver
20130420,3263,BIJOU CR. NR WIGGINS CO,2362.0,2017-06-02 12:10 America/Denver
20130421,3263,BIJOU CR. NR WIGGINS CO,394.0,2017-06-02 12:10 America/Denver
20130422,3263,BIJOU CR. NR WIGGINS CO,20.0,2017-06-02 12:10 America/Denver
20130423,3263,BIJOU CR. NR WIGGINS CO,8356.0,2017-06-02 12:10 America/Denver
20130424,3263,BIJOU CR. NR WIGGINS CO,19918.0,2017-06-02 12:10 America/Denver
20130425,3263,BIJOU CR. NR WIGGINS CO,2974.0,2017-06-02 12:10 America/Denver
20130426,3263,BIJOU CR. NR WIGGINS CO,0.0,2017-06-02 12:10 America/Denver
20130427,3263,BIJOU CR. NR WIGGINS CO,0.0,2017-06-02 12:10 America/Denver
20130428,3263,BIJOU CR. NR WIGGINS CO,0.0,2017-06-02 12:10 America/Denver
20130429,3263,BIJOU CR. NR WIGGINS CO,0.0,2017-06-02 12:10 America/Denver
20130430,3263,BIJOU CR. NR WIGGINS CO,0.0,2017-06-02 12:10 America/Denver
20130501,3263,BIJOU CR. NR WIGGINS CO,0.0,2017-06-02 12:10 America/Denver
20130502,3263,BIJOU CR. NR WIGGINS CO,15737.0,2017-06-02 12:10 America/Denver
20130503,3263,BIJOU CR. NR WIGGINS CO,9985.0,2017-06-02 12:10 America/Denver
20130504,3263,BIJOU CR. NR WIGGINS CO,0.0,2017-06-02 12:10 America/Denver
20130505,3263,BIJOU CR. NR WIGGINS CO,0.0,2017-06-02 12:10 America/Denver
20130506,3263,BIJOU CR. NR WIGGINS CO,0.0,2017-06-02 12:10 America/Denver
20130507,3263,BIJOU CR. NR WIGGINS CO,0.0,2017-06-02 12:10 America/Denver
20130508,3263,BIJOU CR. NR WIGGINS CO,0.0,2017-06-02 12:10 America/Denver
20130509,3263,BIJOU CR. NR WIGGINS CO,0.0,2017-06-02 12:10 America/Denver
20130510,3263,BIJOU CR. NR WIGGINS CO,0.0,2017-06-02 12:10 America/Denver
20130511,3263,BIJOU CR. NR WIGGINS CO,0.0,2017-06-02 12:10 America/Denver
20130512,3263,BIJOU CR. NR WIGGINS CO,0.0,2017-06-02 12:10 America/Denver
20130513,3263,BIJOU CR. NR WIGGINS CO,0.0,2017-06-02 12:10 America/Denver
20130514,3263,BIJOU CR. NR WIGGINS CO,0.0,2017-06-02 12:10 America/Denver
20130515,3263,BIJOU CR. NR WIGGINS CO,0.0,2017-06-02 12:10 America/Denver
20130516,3263,BIJOU CR. NR WIGGINS CO,0.0,2017-06-02 12:10 America/Denver
20130517,3263,BIJOU CR. NR WIGGINS CO,0.0,2017-06-02 12:10 America/Denver
20130518,3263,BIJOU CR. NR WIGGINS CO,0.0,2017-06-02 12:10 America/Denver
20130519,3263,BIJOU CR. NR WIGGINS CO,0.0,2017-06-02 12:10 America/Denver
20130520,3263,BIJOU CR. NR WIGGINS CO,0.0,2017-06-02 12:10 America/Denver
20130521,3263,BIJOU CR. NR WIGGINS CO,0.0,2017-06-02 12:10 America/Denver
20130522,3263,BIJOU CR. NR WIGGINS CO,0.0,2017-06-02 12:10 America/Denver
20130523,3263,BIJOU CR. NR WIGGINS CO,0.0,2017-06-02 12:10 America/Denver
20130524,3263,BIJOU CR. NR WIGGINS CO,0.0,2017-06-02 12:10 America/Denver
20130525,3263,BIJOU CR. NR WIGGINS CO,0.0,2017-06-02 12:10 America/Denver
20130526,3263,BIJOU CR. NR WIGGINS CO,0.0,2017-06-02 12:10 America/Denver
20130527,3263,BIJOU CR. NR WIGGINS CO,0.0,2017-06-02 12:10 America/Denver
20130528,3263,BIJOU CR. NR WIGGINS CO,0.0,2017-06-02 12:10 America/Denver
20130529,3263,BIJOU CR. NR WIGGINS CO,0.0,2017-06-02 12:10 America/Denver
20130530,3263,BIJOU CR. NR WIGGINS CO,0.0,2017-06-02 12:10 America/Denver
20130531,3263,BIJOU CR. NR WIGGINS CO,0.0,2017-06-02 12:10 America/Denver
20130601,3263,BIJOU CR. NR WIGGINS CO,0.0,2017-06-02 12:10 America/Denver
20130602,3263,BIJOU CR. NR WIGGINS CO,0.0,2017-06-02 12:10 America/Denver
20130603,3263,BIJOU CR. NR WIGGINS CO,0.0,2017-06-02 12:10 America/Denver
20130604,3263,BIJOU CR. NR WIGGINS CO,0.0,2017-06-02 12:10 America/Denver
20130605,3263,BIJOU CR. NR WIGGINS CO,0.0,2017-06-02 12:10 America/Denver
20130606,3263,BIJOU CR. NR WIGGINS CO,0.0,2017-06-02 12:10 America/Denver
20130607,3263,BIJOU CR. NR WIGGINS CO,0.0,2017-06-02 12:10 America/Denver
20130608,3263,BIJOU CR. NR WIGGINS CO,0.0,2017-06-02 12:10 America/Denver
20130609,3263,BIJOU CR. NR WIGGINS CO,0.0,2017-06-02 12:10 America/Denver
20130610,3263,BIJOU CR. NR WIGGINS CO,0.0,2017-06-02 12:10 America/Denver
20130611,3263,BIJOU CR. NR WIGGINS CO,0.0,2017-06-02 12:10 America/Denver
20130612,3263,BIJOU CR. NR WIGGINS CO,0.0,2017-06-02 12:10 America/Denver
20130613,3263,BIJOU CR. NR WIGGINS CO,0.0,2017-06-02 12:10 America/Denver
20130614,3263,BIJOU CR. NR WIGGINS CO,0.0,2017-06-02 12:10 America/Denver
20130615,3263,BIJOU CR. NR WIGGINS CO,0.0,2017-06-02 12:10 America/Denver
20130616,3263,BIJOU CR. NR WIGGINS CO,0.0,2017-06-02 12:10 America/Denver
20130617,3263,BIJOU CR. NR WIGGINS CO,0.0,2017-06-02 12:10 America/Denver
20130618,3263,BIJOU CR. NR WIGGINS CO,0.0,2017-06-02 12:10 America/Denver
20130619,3263,BIJOU CR. NR WIGGINS CO,0.0,2017-06-02 12:10 America/Denver
20130620,3263,BIJOU CR. NR WIGGINS CO,0.0,2017-06-02 12:10 America/Denver
20130621,3263,BIJOU CR. NR WIGGINS CO,0.0,2017-06-02 12:10 America/Denver
20130622,3263,BIJOU CR. NR WIGGINS CO,0.0,2017-06-02 12:10 America/Denver
20130623,3263,BIJOU CR. NR WIGGINS CO,0.0,2017-06-02 12:10 America/Denver
20130624,3263,BIJOU CR. NR WIGGINS CO,0.0,2017-06-02 12:10 America/Denver
20130625,3263,BIJOU CR. NR WIGGINS CO,0.0,2017-06-02 12:10 America/Denver
20130626,3263,BIJOU CR. NR WIGGINS CO,0.0,2017-06-02 12:10 America/Denver
20130627,3263,BIJOU CR. NR WIGGINS CO,0.0,2017-06-02 12:10 America/Denver
20130628,3263,BIJOU CR. NR WIGGINS CO,0.0,2017-06-02 12:10 America/Denver
20130629,3263,BIJOU CR. NR WIGGINS CO,0.0,2017-06-02 12:10 America/Denver
20130630,3263,BIJOU CR. NR WIGGINS CO,0.0,2017-06-02 12:10 America/Denver
20130701,3263,BIJOU CR. NR WIGGINS CO,0.0,2017-06-02 12:10 America/Denver
20130702,3263,BIJOU CR. NR WIGGINS CO,0.0,2017-06-02 12:10 America/Denver
20130703,3263,BIJOU CR. NR WIGGINS CO,0.0,2017-06-02 12:10 America/Denver
20130704,3263,BIJOU CR. NR WIGGINS CO,0.0,2017-06-02 12:10 America/Denver
20130705,3263,BIJOU CR. NR WIGGINS CO,0.0,2017-06-02 12:10 America/Denver
20130706,3263,BIJOU CR. NR WIGGINS CO,0.0,2017-06-02 12:10 America/Denver
20130707,3263,BIJOU CR. NR WIGGINS CO,0.0,2017-06-02 12:10 America/Denver
20130708,3263,BIJOU CR. NR WIGGINS CO,0.0,2017-06-02 12:10 America/Denver
20130709,3263,BIJOU CR. NR WIGGINS CO,0.0,2017-06-02 12:10 America/Denver
20130710,3263,BIJOU CR. NR WIGGINS CO,0.0,2017-06-02 12:10 America/Denver
20130711,3263,BIJOU CR. NR WIGGINS CO,0.0,2017-06-02 12:10 America/Denver
20130712,3263,BIJOU CR. NR WIGGINS CO,0.0,2017-06-02 12:10 America/Denver
20130713,3263,BIJOU CR. NR WIGGINS CO,0.0,2017-06-02 12:10 America/Denver
20130714,3263,BIJOU CR. NR WIGGINS CO,0.0,2017-06-02 12:10 America/Denver
20130715,3263,BIJOU CR. NR WIGGINS CO,0.0,2017-06-02 12:10 America/Denver
20130716,3263,BIJOU CR. NR WIGGINS CO,0.0,2017-06-02 12:10 America/Denver
20130717,3263,BIJOU CR. NR WIGGINS CO,0.0,2017-06-02 12:10 America/Denver
20130718,3263,BIJOU CR. NR WIGGINS CO,0.0,2017-06-02 12:10 America/Denver
20130719,3263,BIJOU CR. NR WIGGINS CO,0.0,2017-06-02 12:10 America/Denver
20130720,3263,BIJOU CR. NR WIGGINS CO,0.0,2017-06-02 12:10 America/Denver
20130721,3263,BIJOU CR. NR WIGGINS CO,0.0,2017-06-02 12:10 America/Denver
20130722,3263,BIJOU CR. NR WIGGINS CO,0.0,2017-06-02 12:10 America/Denver
20130723,3263,BIJOU CR. NR WIGGINS CO,0.0,2017-06-02 12:10 America/Denver
20130724,3263,BIJOU CR. NR WIGGINS CO,0.0,2017-06-02 12:10 America/Denver
20130725,3263,BIJOU CR. NR WIGGINS CO,0.0,2017-06-02 12:10 America/Denver
20130726,3263,BIJOU CR. NR WIGGINS CO,0.0,2017-06-02 12:10 America/Denver
20130727,3263,BIJOU CR. NR WIGGINS CO,0.0,2017-06-02 12:10 America/Denver
20130728,3263,BIJOU CR. NR WIGGINS CO,0.0,2017-06-02 12:10 America/Denver
20130729,3263,BIJOU CR. NR WIGGINS CO,0.0,2017-06-02 12:10 America/Denver
20130730,3263,BIJOU CR. NR WIGGINS CO,0.0,2017-06-02 12:10 America/Denver
20130731,3263,BIJOU CR. NR WIGGINS CO,0.0,2017-06-02 12:10 America/Denver
20130801,3263,BIJOU CR. NR WIGGINS CO,0.0,2017-06-02 12:10 America/Denver
20130802,3263,BIJOU CR. NR WIGGINS CO,0.0,2017-06-02 12:10 America/Denver
20130803,3263,BIJOU CR. NR WIGGINS CO,0.0,2017-06-02 12:10 America/Denver
20130804,3263,BIJOU CR. NR WIGGINS CO,0.0,2017-06-02 12:10 America/Denver
20130805,3263,BIJOU CR. NR WIGGINS CO,0.0,2017-06-02 12:10 America/Denver
20130806,3263,BIJOU CR. NR WIGGINS CO,0.0,2017-06-02 12:10 America/Denver
20130807,3263,BIJOU CR. NR WIGGINS CO,0.0,2017-06-02 12:10 America/Denver
20130808,3263,BIJOU CR. NR WIGGINS CO,0.0,2017-06-02 12:10 America/Denver
20130809,3263,BIJOU CR. NR WIGGINS CO,0.0,2017-06-02 12:10 America/Denver
20130810,3263,BIJOU CR. NR WIGGINS CO,0.0,2017-06-02 12:10 America/Denver
20130811,3263,BIJOU CR. NR WIGGINS CO,0.0,2017-06-02 12:10 America/Denver
20130812,3263,BIJOU CR. NR WIGGINS CO,0.0,2017-06-02 12:10 America/Denver
20130813,3263,BIJOU CR. NR WIGGINS CO,0.0,2017-06-02 12:10 America/Denver
20130814,3263,BIJOU CR. NR WIGGINS CO,0.0,2017-06-02 12:10 America/Denver
20130815,3263,BIJOU CR. NR WIGGINS CO,0.0,2017-06-02 12:10 America/Denver
20130816,3263,BIJOU CR. NR WIGGINS CO,0.0,2017-06-02 12:10 America/Denver
20130817,3263,BIJOU CR. NR WIGGINS CO,0.0,2017-06-02 12:10 America/Denver
20130818,3263,BIJOU CR. NR WIGGINS CO,0.0,2017-06-02 12:10 America/Denver
20130819,3263,BIJOU CR. NR WIGGINS CO,0.0,2017-06-02 12:10 America/Denver
20130820,3263,BIJOU CR. NR WIGGINS CO,0.0,2017-06-02 12:10 America/Denver
20130821,3263,BIJOU CR. NR WIGGINS CO,0.0,2017-06-02 12:10 America/Denver
20130822,3263,BIJOU CR. NR WIGGINS CO,0.0,2017-06-02 12:10 America/Denver
20130823,3263,BIJOU CR. NR WIGGINS CO,0.0,2017-06-02 12:10 America/Denver
20130824,3263,BIJOU CR. NR WIGGINS CO,0.0,2017-06-02 12:10 America/Denver
20130825,3263,BIJOU CR. NR WIGGINS CO,0.0,2017-06-02 12:10 America/Denver
20130826,3263,BIJOU CR. NR WIGGINS CO,0.0,2017-06-02 12:10 America/Denver
20130827,3263,BIJOU CR. NR WIGGINS CO,0.0,2017-06-02 12:10 America/Denver
20130828,3263,BIJOU CR. NR WIGGINS CO,0.0,2017-06-02 12:10 America/Denver
20130829,3263,BIJOU CR. NR WIGGINS CO,0.0,2017-06-02 12:10 America/Denver
20130830,3263,BIJOU CR. NR WIGGINS CO,0.0,2017-06-02 12:10 America/Denver
20130831,3263,BIJOU CR. NR WIGGINS CO,0.0,2017-06-02 12:10 America/Denver
20130901,3263,BIJOU CR. NR WIGGINS CO,0.0,2017-06-02 12:10 America/Denver
20130902,3263,BIJOU CR. NR WIGGINS CO,0.0,2017-06-02 12:10 America/Denver
20130903,3263,BIJOU CR. NR WIGGINS CO,0.0,2017-06-02 12:10 America/Denver
20130904,3263,BIJOU CR. NR WIGGINS CO,0.0,2017-06-02 12:10 America/Denver
20130905,3263,BIJOU CR. NR WIGGINS CO,0.0,2017-06-02 12:10 America/Denver
20130906,3263,BIJOU CR. NR WIGGINS CO,0.0,2017-06-02 12:10 America/Denver
20130907,3263,BIJOU CR. NR WIGGINS CO,0.0,2017-06-02 12:10 America/Denver
20130908,3263,BIJOU CR. NR WIGGINS CO,0.0,2017-06-02 12:10 America/Denver
20130909,3263,BIJOU CR. NR WIGGINS CO,0.0,2017-06-02 12:10 America/Denver
20130910,3263,BIJOU CR. NR WIGGINS CO,0.0,2017-06-02 12:10 America/Denver
20130911,3263,BIJOU CR. NR WIGGINS CO,0.0,2017-06-02 12:10 America/Denver
20130912,3263,BIJOU CR. NR WIGGINS CO,0.0,2017-06-02 12:10 America/Denver
20130913,3263,BIJOU CR. NR WIGGINS CO,0.0,2017-06-02 12:10 America/Denver
20130914,3263,BIJOU CR. NR WIGGINS CO,0.0,2017-06-02 12:10 America/Denver
20130915,3263,BIJOU CR. NR WIGGINS CO,0.0,2017-06-02 12:10 America/Denver
20130916,3263,BIJOU CR. NR WIGGINS CO,0.0,2017-06-02 12:10 America/Denver
20130917,3263,BIJOU CR. NR WIGGINS CO,0.0,2017-06-02 12:10 America/Denver
20130918,3263,BIJOU CR. NR WIGGINS CO,0.0,2017-06-02 12:10 America/Denver
20130919,3263,BIJOU CR. NR WIGGINS CO,0.0,2017-06-02 12:10 America/Denver
20130920,3263,BIJOU CR. NR WIGGINS CO,0.0,2017-06-02 12:10 America/Denver
20130921,3263,BIJOU CR. NR WIGGINS CO,0.0,2017-06-02 12:10 America/Denver
20130922,3263,BIJOU CR. NR WIGGINS CO,0.0,2017-06-02 12:10 America/Denver
20130923,3263,BIJOU CR. NR WIGGINS CO,0.0,2017-06-02 12:10 America/Denver
20130924,3263,BIJOU CR. NR WIGGINS CO,0.0,2017-06-02 12:10 America/Denver
20130925,3263,BIJOU CR. NR WIGGINS CO,0.0,2017-06-02 12:10 America/Denver
20130926,3263,BIJOU CR. NR WIGGINS CO,0.0,2017-06-02 12:10 America/Denver
20130927,3263,BIJOU CR. NR WIGGINS CO,0.0,2017-06-02 12:10 America/Denver
20130928,3263,BIJOU CR. NR WIGGINS CO,0.0,2017-06-02 12:10 America/Denver
20130929,3263,BIJOU CR. NR WIGGINS CO,0.0,2017-06-02 12:10 America/Denver
20130930,3263,BIJOU CR. NR WIGGINS CO,0.0,2017-06-02 12:10 America/Denver
20131001,3263,BIJOU CR. NR WIGGINS CO,0.0,2017-06-02 12:10 America/Denver
20131002,3263,BIJOU CR. NR WIGGINS CO,0.0,2017-06-02 12:10 America/Denver
20131003,3263,BIJOU CR. NR WIGGINS CO,0.0,2017-06-02 12:10 America/Denver
20131004,3263,BIJOU CR. NR WIGGINS CO,0.0,2017-06-02 12:10 America/Denver
20131005,3263,BIJOU CR. NR WIGGINS CO,0.0,2017-06-02 12:10 America/Denver
20131006,3263,BIJOU CR. NR WIGGINS CO,0.0,2017-06-02 12:10 America/Denver
20131007,3263,BIJOU CR. NR WIGGINS CO,0.0,2017-06-02 12:10 America/Denver
20131008,3263,BIJOU CR. NR WIGGINS CO,0.0,2017-06-02 12:10 America/Denver
20131009,3263,BIJOU CR. NR WIGGINS CO,0.0,2017-06-02 12:10 America/Denver
20131010,3263,BIJOU CR. NR WIGGINS CO,0.0,2017-06-02 12:10 America/Denver
20131011,3263,BIJOU CR. NR WIGGINS CO,0.0,2017-06-02 12:10 America/Denver
20131012,3263,BIJOU CR. NR WIGGINS CO,0.0,2017-06-02 12:10 America/Denver
20131013,3263,BIJOU CR. NR WIGGINS CO,0.0,2017-06-02 12:10 America/Denver
20131014,3263,BIJOU CR. NR WIGGINS CO,0.0,2017-06-02 12:10 America/Denver
20131015,3263,BIJOU CR. NR WIGGINS CO,0.0,2017-06-02 12:10 America/Denver
20131016,3263,BIJOU CR. NR WIGGINS CO,0.0,2017-06-02 12:10 America/Denver
20131017,3263,BIJOU CR. NR WIGGINS CO,1.0,2017-06-02 12:10 America/Denver
20131018,3263,BIJOU CR. NR WIGGINS CO,0.0,2017-06-02 12:10 America/Denver
20131019,3263,BIJOU CR. NR WIGGINS CO,18216.0,2017-06-02 12:10 America/Denver
20131020,3263,BIJOU CR. NR WIGGINS CO,0.0,2017-06-02 12:10 America/Denver
20131021,3263,BIJOU CR. NR WIGGINS CO,0.0,2017-06-02 12:10 America/Denver
20131022,3263,BIJOU CR. NR WIGGINS CO,0.0,2017-06-02 12:10 America/Denver
20131023,3263,BIJOU CR. NR WIGGINS CO,0.0,2017-06-02 12:10 America/Denver
20131024,3263,BIJOU CR. NR WIGGINS CO,0.0,2017-06-02 12:10 America/Denver
20131025,3263,BIJOU CR. NR WIGGINS CO,0.0,2017-06-02 12:10 America/Denver
20131026,3263,BIJOU CR. NR WIGGINS CO,0.0,2017-06-02 12:10 America/Denver
20131027,3263,BIJOU CR. NR WIGGINS CO,0.0,2017-06-02 12:10 America/Denver
20131028,3263,BIJOU CR. NR WIGGINS CO,0.0,2017-06-02 12:10 America/Denver
20131029,3263,BIJOU CR. NR WIGGINS CO,0.0,2017-06-02 12:10 America/Denver
20131030,3263,BIJOU CR. NR WIGGINS CO,0.0,2017-06-02 12:10 America/Denver
20131031,3263,BIJOU CR. NR WIGGINS CO,0.0,2017-06-02 12:10 America/Denver
20131101,3263,BIJOU CR. NR WIGGINS CO,0.0,2017-06-02 12:10 America/Denver
20131102,3263,BIJOU CR. NR WIGGINS CO,0.0,2017-06-02 12:10 America/Denver
20131103,3263,BIJOU CR. NR WIGGINS CO,0.0,2017-06-02 12:10 America/Denver
20131104,3263,BIJOU CR. NR WIGGINS CO,0.0,2017-06-02 12:10 America/Denver
20131105,3263,BIJOU CR. NR WIGGINS CO,0.0,2017-06-02 12:10 America/Denver
20131106,3263,BIJOU CR. NR WIGGINS CO,2368.0,2017-06-02 12:10 America/Denver
20131107,3263,BIJOU CR. NR WIGGINS CO,1.0,2017-06-02 12:10 America/Denver
20131108,3263,BIJOU CR. NR WIGGINS CO,0.0,2017-06-02 12:10 America/Denver
20131109,3263,BIJOU CR. NR WIGGINS CO,0.0,2017-06-02 12:10 America/Denver
20131110,3263,BIJOU CR. NR WIGGINS CO,0.0,2017-06-02 12:10 America/Denver
20131111,3263,BIJOU CR. NR WIGGINS CO,0.0,2017-06-02 12:10 America/Denver
20131112,3263,BIJOU CR. NR WIGGINS CO,0.0,2017-06-02 12:10 America/Denver
20131113,3263,BIJOU CR. NR WIGGINS CO,0.0,2017-06-02 12:10 America/Denver
20131114,3263,BIJOU CR. NR WIGGINS CO,0.0,2017-06-02 12:10 America/Denver
20131115,3263,BIJOU CR. NR WIGGINS CO,0.0,2017-06-02 12:10 America/Denver
20131116,3263,BIJOU CR. NR WIGGINS CO,0.0,2017-06-02 12:10 America/Denver
20131117,3263,BIJOU CR. NR WIGGINS CO,0.0,2017-06-02 12:10 America/Denver
20131118,3263,BIJOU CR. NR WIGGINS CO,0.0,2017-06-02 12:10 America/Denver
20131119,3263,BIJOU CR. NR WIGGINS CO,0.0,2017-06-02 12:10 America/Denver
20131120,3263,BIJOU CR. NR WIGGINS CO,0.0,2017-06-02 12:10 America/Denver
20131121,3263,BIJOU CR. NR WIGGINS CO,0.0,2017-06-02 12:10 America/Denver
20131122,3263,BIJOU CR. NR WIGGINS CO,12262.0,2017-06-02 12:10 America/Denver
20131123,3263,BIJOU CR. NR WIGGINS CO,17540.0,2017-06-02 12:10 America/Denver
20131124,3263,BIJOU CR. NR WIGGINS CO,17023.0,2017-06-02 12:10 America/Denver
20131125,3263,BIJOU CR. NR WIGGINS CO,25515.0,2017-06-02 12:10 America/Denver
20131126,3263,BIJOU CR. NR WIGGINS CO,24886.0,2017-06-02 12:10 America/Denver
20131127,3263,BIJOU CR. NR WIGGINS CO,16178.0,2017-06-02 12:10 America/Denver
20131128,3263,BIJOU CR. NR WIGGINS CO,68.0,2017-06-02 12:10 America/Denver
20131129,3263,BIJOU CR. NR WIGGINS CO,14.0,2017-06-02 12:10 America/Denver
20131130,3263,BIJOU CR. NR WIGGINS CO,0.0,2017-06-02 12:10 America/Denver
20131201,3263,BIJOU CR. NR WIGGINS CO,0.0,2017-06-02 12:10 America/Denver
20131202,3263,BIJOU CR. NR WIGGINS CO,0.0,2017-06-02 12:10 America/Denver
20131203,3263,BIJOU CR. NR WIGGINS CO,0.0,2017-06-02 12:10 America/Denver
20131204,3263,BIJOU CR. NR WIGGINS CO,974.0,2017-06-02 12:10 America/Denver
20131205,3263,BIJOU CR. NR WIGGINS CO,6613.0,2017-06-02 12:10 America/Denver
20131206,3263,BIJOU CR. NR WIGGINS CO,8648.0,2017-06-02 12:10 America/Denver
20131207,3263,BIJOU CR. NR WIGGINS CO,8646.0,2017-06-02 12:10 America/Denver
20131208,3263,BIJOU CR. NR WIGGINS CO,9311.0,2017-06-02 12:10 America/Denver
20131209,3263,BIJOU CR. NR WIGGINS CO,16932.0,2017-06-02 12:10 America/Denver
20131210,3263,BIJOU CR. NR WIGGINS CO,13486.0,2017-06-02 12:10 America/Denver
20131211,3263,BIJOU CR. NR WIGGINS CO,6963.0,2017-06-02 12:10 America/Denver
20131212,3263,BIJOU CR. NR WIGGINS CO,6237.0,2017-06-02 12:10 America/Denver
20131213,3263,BIJOU CR. NR WIGGINS CO,3360.0,2017-06-02 12:10 America/Denver
20131214,3263,BIJOU CR. NR WIGGINS CO,1791.0,2017-06-02 12:10 America/Denver
20131215,3263,BIJOU CR. NR WIGGINS CO,1394.0,2017-06-02 12:10 America/Denver
20131216,3263,BIJOU CR. NR WIGGINS CO,0.0,2017-06-02 12:10 America/Denver
20131217,3263,BIJOU CR. NR WIGGINS CO,0.0,2017-06-02 12:10 America/Denver
20131218,3263,BIJOU CR. NR WIGGINS CO,0.0,2017-06-02 12:10 America/Denver
20131219,3263,BIJOU CR. NR WIGGINS CO,0.0,2017-06-02 12:10 America/Denver
20131220,3263,BIJOU CR. NR WIGGINS CO,157.0,2017-06-02 12:10 America/Denver
20131221,3263,BIJOU CR. NR WIGGINS CO,1420.0,2017-06-02 12:10 America/Denver
20131222,3263,BIJOU CR. NR WIGGINS CO,1527.0,2017-06-02 12:10 America/Denver
20131223,3263,BIJOU CR. NR WIGGINS CO,1540.0,2017-06-02 12:10 America/Denver
20131224,3263,BIJOU CR. NR WIGGINS CO,2609.0,2017-06-02 12:10 America/Denver
20131225,3263,BIJOU CR. NR WIGGINS CO,0.0,2017-06-02 12:10 America/Denver
20131226,3263,BIJOU CR. NR WIGGINS CO,0.0,2017-06-02 12:10 America/Denver
20131227,3263,BIJOU CR. NR WIGGINS CO,0.0,2017-06-02 12:10 America/Denver
20131228,3263,BIJOU CR. NR WIGGINS CO,0.0,2017-06-02 12:10 America/Denver
20131229,3263,BIJOU CR. NR WIGGINS CO,621.0,2017-06-02 12:10 America/Denver
20131230,3263,BIJOU CR. NR WIGGINS CO,5779.0,2017-06-02 12:10 America/Denver
20131231,3263,BIJOU CR. NR WIGGINS CO,832.0,2017-06-02 12:10 America/Denver
20140101,3263,BIJOU CR. NR WIGGINS CO,0.0,2017-06-02 12:10 America/Denver
20140102,3263,BIJOU CR. NR WIGGINS CO,13025.0,2017-06-02 12:10 America/Denver
20140103,3263,BIJOU CR. NR WIGGINS CO,12499.0,2017-06-02 12:10 America/Denver
20140104,3263,BIJOU CR. NR WIGGINS CO,0.0,2017-06-02 12:10 America/Denver
20140105,3263,BIJOU CR. NR WIGGINS CO,19244.0,2017-06-02 12:10 America/Denver
20140106,3263,BIJOU CR. NR WIGGINS CO,23862.0,2017-06-02 12:10 America/Denver
20140107,3263,BIJOU CR. NR WIGGINS CO,27074.0,2017-06-02 12:10 America/Denver
20140108,3263,BIJOU CR. NR WIGGINS CO,25954.0,2017-06-02 12:10 America/Denver
20140109,3263,BIJOU CR. NR WIGGINS CO,25877.0,2017-06-02 12:10 America/Denver
20140110,3263,BIJOU CR. NR WIGGINS CO,24709.0,2017-06-02 12:10 America/Denver
20140111,3263,BIJOU CR. NR WIGGINS CO,5607.0,2017-06-02 12:10 America/Denver
20140112,3263,BIJOU CR. NR WIGGINS CO,149.0,2017-06-02 12:10 America/Denver
20140113,3263,BIJOU CR. NR WIGGINS CO,26.0,2017-06-02 12:10 America/Denver
20140114,3263,BIJOU CR. NR WIGGINS CO,5.0,2017-06-02 12:10 America/Denver
20140115,3263,BIJOU CR. NR WIGGINS CO,6583.0,2017-06-02 12:10 America/Denver
20140116,3263,BIJOU CR. NR WIGGINS CO,0.0,2017-06-02 12:10 America/Denver
20140117,3263,BIJOU CR. NR WIGGINS CO,0.0,2017-06-02 12:10 America/Denver
20140118,3263,BIJOU CR. NR WIGGINS CO,0.0,2017-06-02 12:10 America/Denver
20140119,3263,BIJOU CR. NR WIGGINS CO,0.0,2017-06-02 12:10 America/Denver
20140120,3263,BIJOU CR. NR WIGGINS CO,0.0,2017-06-02 12:10 America/Denver
20140121,3263,BIJOU CR. NR WIGGINS CO,0.0,2017-06-02 12:10 America/Denver
20140122,3263,BIJOU CR. NR WIGGINS CO,0.0,2017-06-02 12:10 America/Denver
20140123,3263,BIJOU CR. NR WIGGINS CO,890.0,2017-06-02 12:10 America/Denver
20140124,3263,BIJOU CR. NR WIGGINS CO,14782.0,2017-06-02 12:10 America/Denver
20140125,3263,BIJOU CR. NR WIGGINS CO,2602.0,2017-06-02 12:10 America/Denver
20140126,3263,BIJOU CR. NR WIGGINS CO,0.0,2017-06-02 12:10 America/Denver
20140127,3263,BIJOU CR. NR WIGGINS CO,136.0,2017-06-02 12:10 America/Denver
20140128,3263,BIJOU CR. NR WIGGINS CO,9862.0,2017-06-02 12:10 America/Denver
20140129,3263,BIJOU CR. NR WIGGINS CO,9424.0,2017-06-02 12:10 America/Denver
20140130,3263,BIJOU CR. NR WIGGINS CO,1626.0,2017-06-02 12:10 America/Denver
20140131,3263,BIJOU CR. NR WIGGINS CO,19816.0,2017-06-02 12:10 America/Denver
20140201,3263,BIJOU CR. NR WIGGINS CO,43826.0,2017-06-02 12:10 America/Denver
20140202,3263,BIJOU CR. NR WIGGINS CO,54829.0,2017-06-02 12:10 America/Denver
20140203,3263,BIJOU CR. NR WIGGINS CO,54910.0,2017-06-02 12:10 America/Denver
20140204,3263,BIJOU CR. NR WIGGINS CO,54806.0,2017-06-02 12:10 America/Denver
20140205,3263,BIJOU CR. NR WIGGINS CO,66416.0,2017-06-02 12:10 America/Denver
20140206,3263,BIJOU CR. NR WIGGINS CO,39233.0,2017-06-02 12:10 America/Denver
20140207,3263,BIJOU CR. NR WIGGINS CO,39144.0,2017-06-02 12:10 America/Denver
20140208,3263,BIJOU CR. NR WIGGINS CO,38852.0,2017-06-02 12:10 America/Denver
20140209,3263,BIJOU CR. NR WIGGINS CO,21308.0,2017-06-02 12:10 America/Denver
20140210,3263,BIJOU CR. NR WIGGINS CO,30355.0,2017-06-02 12:10 America/Denver
20140211,3263,BIJOU CR. NR WIGGINS CO,52244.0,2017-06-02 12:10 America/Denver
20140212,3263,BIJOU CR. NR WIGGINS CO,49907.0,2017-06-02 12:10 America/Denver
20140213,3263,BIJOU CR. NR WIGGINS CO,47776.0,2017-06-02 12:10 America/Denver
20140214,3263,BIJOU CR. NR WIGGINS CO,5841.0,2017-06-02 12:10 America/Denver
20140215,3263,BIJOU CR. NR WIGGINS CO,3247.0,2017-06-02 12:10 America/Denver
20140216,3263,BIJOU CR. NR WIGGINS CO,211.0,2017-06-02 12:10 America/Denver
20140217,3263,BIJOU CR. NR WIGGINS CO,0.0,2017-06-02 12:10 America/Denver
20140218,3263,BIJOU CR. NR WIGGINS CO,0.0,2017-06-02 12:10 America/Denver
20140219,3263,BIJOU CR. NR WIGGINS CO,0.0,2017-06-02 12:10 America/Denver
20140220,3263,BIJOU CR. NR WIGGINS CO,5099.0,2017-06-02 12:10 America/Denver
20140221,3263,BIJOU CR. NR WIGGINS CO,13865.0,2017-06-02 12:10 America/Denver
20140222,3263,BIJOU CR. NR WIGGINS CO,331.0,2017-06-02 12:10 America/Denver
20140223,3263,BIJOU CR. NR WIGGINS CO,730.0,2017-06-02 12:10 America/Denver
20140224,3263,BIJOU CR. NR WIGGINS CO,279.0,2017-06-02 12:10 America/Denver
20140225,3263,BIJOU CR. NR WIGGINS CO,0.0,2017-06-02 12:10 America/Denver
20140226,3263,BIJOU CR. NR WIGGINS CO,0.0,2017-06-02 12:10 America/Denver
20140227,3263,BIJOU CR. NR WIGGINS CO,0.0,2017-06-02 12:10 America/Denver
20140228,3263,BIJOU CR. NR WIGGINS CO,0.0,2017-06-02 12:10 America/Denver
20140301,3263,BIJOU CR. NR WIGGINS CO,0.0,2017-06-02 12:10 America/Denver
20140302,3263,BIJOU CR. NR WIGGINS CO,105.0,2017-06-02 12:10 America/Denver
20140303,3263,BIJOU CR. NR WIGGINS CO,8194.0,2017-06-02 12:10 America/Denver
20140304,3263,BIJOU CR. NR WIGGINS CO,0.0,2017-06-02 12:10 America/Denver
20140305,3263,BIJOU CR. NR WIGGINS CO,290.0,2017-06-02 12:10 America/Denver
20140306,3263,BIJOU CR. NR WIGGINS CO,312.0,2017-06-02 12:10 America/Denver
20140307,3263,BIJOU CR. NR WIGGINS CO,0.0,2017-06-02 12:10 America/Denver
20140308,3263,BIJOU CR. NR WIGGINS CO,18804.0,2017-06-02 12:10 America/Denver
20140309,3263,BIJOU CR. NR WIGGINS CO,10854.0,2017-06-02 12:10 America/Denver
20140310,3263,BIJOU CR. NR WIGGINS CO,0.0,2017-06-02 12:10 America/Denver
20140311,3263,BIJOU CR. NR WIGGINS CO,0.0,2017-06-02 12:10 America/Denver
20140312,3263,BIJOU CR. NR WIGGINS CO,3651.0,2017-06-02 12:10 America/Denver
20140313,3263,BIJOU CR. NR WIGGINS CO,2372.0,2017-06-02 12:10 America/Denver
20140314,3263,BIJOU CR. NR WIGGINS CO,0.0,2017-06-02 12:10 America/Denver
20140315,3263,BIJOU CR. NR WIGGINS CO,0.0,2017-06-02 12:10 America/Denver
20140316,3263,BIJOU CR. NR WIGGINS CO,0.0,2017-06-02 12:10 America/Denver
20140317,3263,BIJOU CR. NR WIGGINS CO,0.0,2017-06-02 12:10 America/Denver
20140318,3263,BIJOU CR. NR WIGGINS CO,0.0,2017-06-02 12:10 America/Denver
20140319,3263,BIJOU CR. NR WIGGINS CO,9149.0,2017-06-02 12:10 America/Denver
20140320,3263,BIJOU CR. NR WIGGINS CO,2.0,2017-06-02 12:10 America/Denver
20140321,3263,BIJOU CR. NR WIGGINS CO,0.0,2017-06-02 12:10 America/Denver
20140322,3263,BIJOU CR. NR WIGGINS CO,0.0,2017-06-02 12:10 America/Denver
20140323,3263,BIJOU CR. NR WIGGINS CO,7488.0,2017-06-02 12:10 America/Denver
20140324,3263,BIJOU CR. NR WIGGINS CO,0.0,2017-06-02 12:10 America/Denver
20140325,3263,BIJOU CR. NR WIGGINS CO,0.0,2017-06-02 12:10 America/Denver
20140326,3263,BIJOU CR. NR WIGGINS CO,0.0,2017-06-02 12:10 America/Denver
20140327,3263,BIJOU CR. NR WIGGINS CO,0.0,2017-06-02 12:10 America/Denver
20140328,3263,BIJOU CR. NR WIGGINS CO,0.0,2017-06-02 12:10 America/Denver
20140329,3263,BIJOU CR. NR WIGGINS CO,0.0,2017-06-02 12:10 America/Denver
20140330,3263,BIJOU CR. NR WIGGINS CO,0.0,2017-06-02 12:10 America/Denver
20140331,3263,BIJOU CR. NR WIGGINS CO,0.0,2017-06-02 12:10 America/Denver
20140401,3263,BIJOU CR. NR WIGGINS CO,0.0,2017-06-02 12:10 America/Denver
20140402,3263,BIJOU CR. NR WIGGINS CO,0.0,2017-06-02 12:10 America/Denver
20140403,3263,BIJOU CR. NR WIGGINS CO,946.0,2017-06-02 12:10 America/Denver
20140404,3263,BIJOU CR. NR WIGGINS CO,28780.0,2017-06-02 12:10 America/Denver
20140405,3263,BIJOU CR. NR WIGGINS CO,3757.0,2017-06-02 12:10 America/Denver
20140406,3263,BIJOU CR. NR WIGGINS CO,459.0,2017-06-02 12:10 America/Denver
20140407,3263,BIJOU CR. NR WIGGINS CO,91.0,2017-06-02 12:10 America/Denver
20140408,3263,BIJOU CR. NR WIGGINS CO,53.0,2017-06-02 12:10 America/Denver
20140409,3263,BIJOU CR. NR WIGGINS CO,0.0,2017-06-02 12:10 America/Denver
20140410,3263,BIJOU CR. NR WIGGINS CO,0.0,2017-06-02 12:10 America/Denver
20140411,3263,BIJOU CR. NR WIGGINS CO,0.0,2017-06-02 12:10 America/Denver
20140412,3263,BIJOU CR. NR WIGGINS CO,0.0,2017-06-02 12:10 America/Denver
20140413,3263,BIJOU CR. NR WIGGINS CO,0.0,2017-06-02 12:10 America/Denver
20140414,3263,BIJOU CR. NR WIGGINS CO,16796.0,2017-06-02 12:10 America/Denver
20140415,3263,BIJOU CR. NR WIGGINS CO,19604.0,2017-06-02 12:10 America/Denver
20140416,3263,BIJOU CR. NR WIGGINS CO,0.0,2017-06-02 12:10 America/Denver
20140417,3263,BIJOU CR. NR WIGGINS CO,543.0,2017-06-02 12:10 America/Denver
20140418,3263,BIJOU CR. NR WIGGINS CO,0.0,2017-06-02 12:10 America/Denver
20140419,3263,BIJOU CR. NR WIGGINS CO,0.0,2017-06-02 12:10 America/Denver
20140420,3263,BIJOU CR. NR WIGGINS CO,0.0,2017-06-02 12:10 America/Denver
20140421,3263,BIJOU CR. NR WIGGINS CO,0.0,2017-06-02 12:10 America/Denver
20140422,3263,BIJOU CR. NR WIGGINS CO,0.0,2017-06-02 12:10 America/Denver
20140423,3263,BIJOU CR. NR WIGGINS CO,0.0,2017-06-02 12:10 America/Denver
20140424,3263,BIJOU CR. NR WIGGINS CO,0.0,2017-06-02 12:10 America/Denver
20140425,3263,BIJOU CR. NR WIGGINS CO,0.0,2017-06-02 12:10 America/Denver
20140426,3263,BIJOU CR. NR WIGGINS CO,0.0,2017-06-02 12:10 America/Denver
20140427,3263,BIJOU CR. NR WIGGINS CO,0.0,2017-06-02 12:10 America/Denver
20140428,3263,BIJOU CR. NR WIGGINS CO,0.0,2017-06-02 12:10 America/Denver
20140429,3263,BIJOU CR. NR WIGGINS CO,0.0,2017-06-02 12:10 America/Denver
20140430,3263,BIJOU CR. NR WIGGINS CO,1342.0,2017-06-02 12:10 America/Denver
20140501,3263,BIJOU CR. NR WIGGINS CO,0.0,2017-06-02 12:10 America/Denver
20140502,3263,BIJOU CR. NR WIGGINS CO,0.0,2017-06-02 12:10 America/Denver
20140503,3263,BIJOU CR. NR WIGGINS CO,0.0,2017-06-02 12:10 America/Denver
20140504,3263,BIJOU CR. NR WIGGINS CO,0.0,2017-06-02 12:10 America/Denver
20140505,3263,BIJOU CR. NR WIGGINS CO,0.0,2017-06-02 12:10 America/Denver
20140506,3263,BIJOU CR. NR WIGGINS CO,0.0,2017-06-02 12:10 America/Denver
20140507,3263,BIJOU CR. NR WIGGINS CO,0.0,2017-06-02 12:10 America/Denver
20140508,3263,BIJOU CR. NR WIGGINS CO,0.0,2017-06-02 12:10 America/Denver
20140509,3263,BIJOU CR. NR WIGGINS CO,0.0,2017-06-02 12:10 America/Denver
20140510,3263,BIJOU CR. NR WIGGINS CO,0.0,2017-06-02 12:10 America/Denver
20140511,3263,BIJOU CR. NR WIGGINS CO,0.0,2017-06-02 12:10 America/Denver
20140512,3263,BIJOU CR. NR WIGGINS CO,7045.0,2017-06-02 12:10 America/Denver
20140513,3263,BIJOU CR. NR WIGGINS CO,17458.0,2017-06-02 12:10 America/Denver
20140514,3263,BIJOU CR. NR WIGGINS CO,152.0,2017-06-02 12:10 America/Denver
20140515,3263,BIJOU CR. NR WIGGINS CO,0.0,2017-06-02 12:10 America/Denver
20140516,3263,BIJOU CR. NR WIGGINS CO,0.0,2017-06-02 12:10 America/Denver
20140517,3263,BIJOU CR. NR WIGGINS CO,0.0,2017-06-02 12:10 America/Denver
20140518,3263,BIJOU CR. NR WIGGINS CO,0.0,2017-06-02 12:10 America/Denver
20140519,3263,BIJOU CR. NR WIGGINS CO,0.0,2017-06-02 12:10 America/Denver
20140520,3263,BIJOU CR. NR WIGGINS CO,0.0,2017-06-02 12:10 America/Denver
20140521,3263,BIJOU CR. NR WIGGINS CO,0.0,2017-06-02 12:10 America/Denver
20140522,3263,BIJOU CR. NR WIGGINS CO,0.0,2017-06-02 12:10 America/Denver
20140523,3263,BIJOU CR. NR WIGGINS CO,0.0,2017-06-02 12:10 America/Denver
20140524,3263,BIJOU CR. NR WIGGINS CO,0.0,2017-06-02 12:10 America/Denver
20140525,3263,BIJOU CR. NR WIGGINS CO,0.0,2017-06-02 12:10 America/Denver
20140526,3263,BIJOU CR. NR WIGGINS CO,0.0,2017-06-02 12:10 America/Denver
20140527,3263,BIJOU CR. NR WIGGINS CO,0.0,2017-06-02 12:10 America/Denver
20140528,3263,BIJOU CR. NR WIGGINS CO,0.0,2017-06-02 12:10 America/Denver
20140529,3263,BIJOU CR. NR WIGGINS CO,0.0,2017-06-02 12:10 America/Denver
20140530,3263,BIJOU CR. NR WIGGINS CO,0.0,2017-06-02 12:10 America/Denver
20140531,3263,BIJOU CR. NR WIGGINS CO,0.0,2017-06-02 12:10 America/Denver
20140601,3263,BIJOU CR. NR WIGGINS CO,0.0,2017-06-02 12:10 America/Denver
20140602,3263,BIJOU CR. NR WIGGINS CO,0.0,2017-06-02 12:10 America/Denver
20140603,3263,BIJOU CR. NR WIGGINS CO,0.0,2017-06-02 12:10 America/Denver
20140604,3263,BIJOU CR. NR WIGGINS CO,0.0,2017-06-02 12:10 America/Denver
20140605,3263,BIJOU CR. NR WIGGINS CO,0.0,2017-06-02 12:10 America/Denver
20140606,3263,BIJOU CR. NR WIGGINS CO,0.0,2017-06-02 12:10 America/Denver
20140607,3263,BIJOU CR. NR WIGGINS CO,0.0,2017-06-02 12:10 America/Denver
20140608,3263,BIJOU CR. NR WIGGINS CO,0.0,2017-06-02 12:10 America/Denver
20140609,3263,BIJOU CR. NR WIGGINS CO,0.0,2017-06-02 12:10 America/Denver
20140610,3263,BIJOU CR. NR WIGGINS CO,0.0,2017-06-02 12:10 America/Denver
20140611,3263,BIJOU CR. NR WIGGINS CO,0.0,2017-06-02 12:10 America/Denver
20140612,3263,BIJOU CR. NR WIGGINS CO,0.0,2017-06-02 12:10 America/Denver
20140613,3263,BIJOU CR. NR WIGGINS CO,0.0,2017-06-02 12:10 America/Denver
20140614,3263,BIJOU CR. NR WIGGINS CO,0.0,2017-06-02 12:10 America/Denver
20140615,3263,BIJOU CR. NR WIGGINS CO,0.0,2017-06-02 12:10 America/Denver
20140616,3263,BIJOU CR. NR WIGGINS CO,0.0,2017-06-02 12:10 America/Denver
20140617,3263,BIJOU CR. NR WIGGINS CO,0.0,2017-06-02 12:10 America/Denver
20140618,3263,BIJOU CR. NR WIGGINS CO,0.0,2017-06-02 12:10 America/Denver
20140619,3263,BIJOU CR. NR WIGGINS CO,0.0,2017-06-02 12:10 America/Denver
20140620,3263,BIJOU CR. NR WIGGINS CO,0.0,2017-06-02 12:10 America/Denver
20140621,3263,BIJOU CR. NR WIGGINS CO,0.0,2017-06-02 12:10 America/Denver
20140622,3263,BIJOU CR. NR WIGGINS CO,0.0,2017-06-02 12:10 America/Denver
20140623,3263,BIJOU CR. NR WIGGINS CO,0.0,2017-06-02 12:10 America/Denver
20140624,3263,BIJOU CR. NR WIGGINS CO,0.0,2017-06-02 12:10 America/Denver
20140625,3263,BIJOU CR. NR WIGGINS CO,0.0,2017-06-02 12:10 America/Denver
20140626,3263,BIJOU CR. NR WIGGINS CO,0.0,2017-06-02 12:10 America/Denver
20140627,3263,BIJOU CR. NR WIGGINS CO,0.0,2017-06-02 12:10 America/Denver
20140628,3263,BIJOU CR. NR WIGGINS CO,0.0,2017-06-02 12:10 America/Denver
20140629,3263,BIJOU CR. NR WIGGINS CO,0.0,2017-06-02 12:10 America/Denver
20140630,3263,BIJOU CR. NR WIGGINS CO,0.0,2017-06-02 12:10 America/Denver
20140701,3263,BIJOU CR. NR WIGGINS CO,0.0,2017-06-02 12:10 America/Denver
20140702,3263,BIJOU CR. NR WIGGINS CO,0.0,2017-06-02 12:10 America/Denver
20140703,3263,BIJOU CR. NR WIGGINS CO,0.0,2017-06-02 12:10 America/Denver
20140704,3263,BIJOU CR. NR WIGGINS CO,0.0,2017-06-02 12:10 America/Denver
20140705,3263,BIJOU CR. NR WIGGINS CO,0.0,2017-06-02 12:10 America/Denver
20140706,3263,BIJOU CR. NR WIGGINS CO,0.0,2017-06-02 12:10 America/Denver
20140707,3263,BIJOU CR. NR WIGGINS CO,0.0,2017-06-02 12:10 America/Denver
20140708,3263,BIJOU CR. NR WIGGINS CO,0.0,2017-06-02 12:10 America/Denver
20140709,3263,BIJOU CR. NR WIGGINS CO,0.0,2017-06-02 12:10 America/Denver
20140710,3263,BIJOU CR. NR WIGGINS CO,0.0,2017-06-02 12:10 America/Denver
20140711,3263,BIJOU CR. NR WIGGINS CO,0.0,2017-06-02 12:10 America/Denver
20140712,3263,BIJOU CR. NR WIGGINS CO,0.0,2017-06-02 12:10 America/Denver
20140713,3263,BIJOU CR. NR WIGGINS CO,0.0,2017-06-02 12:10 America/Denver
20140714,3263,BIJOU CR. NR WIGGINS CO,0.0,2017-06-02 12:10 America/Denver
20140715,3263,BIJOU CR. NR WIGGINS CO,0.0,2017-06-02 12:10 America/Denver
20140716,3263,BIJOU CR. NR WIGGINS CO,0.0,2017-06-02 12:10 America/Denver
20140717,3263,BIJOU CR. NR WIGGINS CO,0.0,2017-06-02 12:10 America/Denver
20140718,3263,BIJOU CR. NR WIGGINS CO,0.0,2017-06-02 12:10 America/Denver
20140719,3263,BIJOU CR. NR WIGGINS CO,0.0,2017-06-02 12:10 America/Denver
20140720,3263,BIJOU CR. NR WIGGINS CO,0.0,2017-06-02 12:10 America/Denver
20140721,3263,BIJOU CR. NR WIGGINS CO,0.0,2017-06-02 12:10 America/Denver
20140722,3263,BIJOU CR. NR WIGGINS CO,0.0,2017-06-02 12:10 America/Denver
20140723,3263,BIJOU CR. NR WIGGINS CO,0.0,2017-06-02 12:10 America/Denver
20140724,3263,BIJOU CR. NR WIGGINS CO,0.0,2017-06-02 12:10 America/Denver
20140725,3263,BIJOU CR. NR WIGGINS CO,0.0,2017-06-02 12:10 America/Denver
20140726,3263,BIJOU CR. NR WIGGINS CO,0.0,2017-06-02 12:10 America/Denver
20140727,3263,BIJOU CR. NR WIGGINS CO,0.0,2017-06-02 12:10 America/Denver
20140728,3263,BIJOU CR. NR WIGGINS CO,0.0,2017-06-02 12:10 America/Denver
20140729,3263,BIJOU CR. NR WIGGINS CO,0.0,2017-06-02 12:10 America/Denver
20140730,3263,BIJOU CR. NR WIGGINS CO,0.0,2017-06-02 12:10 America/Denver
20140731,3263,BIJOU CR. NR WIGGINS CO,0.0,2017-06-02 12:10 America/Denver
20140801,3263,BIJOU CR. NR WIGGINS CO,0.0,2017-06-02 12:10 America/Denver
20140802,3263,BIJOU CR. NR WIGGINS CO,0.0,2017-06-02 12:10 America/Denver
20140803,3263,BIJOU CR. NR WIGGINS CO,0.0,2017-06-02 12:10 America/Denver
20140804,3263,BIJOU CR. NR WIGGINS CO,0.0,2017-06-02 12:10 America/Denver
20140805,3263,BIJOU CR. NR WIGGINS CO,0.0,2017-06-02 12:10 America/Denver
20140806,3263,BIJOU CR. NR WIGGINS CO,0.0,2017-06-02 12:10 America/Denver
20140807,3263,BIJOU CR. NR WIGGINS CO,0.0,2017-06-02 12:10 America/Denver
20140808,3263,BIJOU CR. NR WIGGINS CO,0.0,2017-06-02 12:10 America/Denver
20140809,3263,BIJOU CR. NR WIGGINS CO,0.0,2017-06-02 12:10 America/Denver
20140810,3263,BIJOU CR. NR WIGGINS CO,0.0,2017-06-02 12:10 America/Denver
20140811,3263,BIJOU CR. NR WIGGINS CO,0.0,2017-06-02 12:10 America/Denver
20140812,3263,BIJOU CR. NR WIGGINS CO,0.0,2017-06-02 12:10 America/Denver
20140813,3263,BIJOU CR. NR WIGGINS CO,0.0,2017-06-02 12:10 America/Denver
20140814,3263,BIJOU CR. NR WIGGINS CO,0.0,2017-06-02 12:10 America/Denver
20140815,3263,BIJOU CR. NR WIGGINS CO,0.0,2017-06-02 12:10 America/Denver
20140816,3263,BIJOU CR. NR WIGGINS CO,0.0,2017-06-02 12:10 America/Denver
20140817,3263,BIJOU CR. NR WIGGINS CO,0.0,2017-06-02 12:10 America/Denver
20140818,3263,BIJOU CR. NR WIGGINS CO,0.0,2017-06-02 12:10 America/Denver
20140819,3263,BIJOU CR. NR WIGGINS CO,0.0,2017-06-02 12:10 America/Denver
20140820,3263,BIJOU CR. NR WIGGINS CO,0.0,2017-06-02 12:10 America/Denver
20140821,3263,BIJOU CR. NR WIGGINS CO,0.0,2017-06-02 12:10 America/Denver
20140822,3263,BIJOU CR. NR WIGGINS CO,0.0,2017-06-02 12:10 America/Denver
20140823,3263,BIJOU CR. NR WIGGINS CO,0.0,2017-06-02 12:10 America/Denver
20140824,3263,BIJOU CR. NR WIGGINS CO,0.0,2017-06-02 12:10 America/Denver
20140825,3263,BIJOU CR. NR WIGGINS CO,0.0,2017-06-02 12:10 America/Denver
20140826,3263,BIJOU CR. NR WIGGINS CO,0.0,2017-06-02 12:10 America/Denver
20140827,3263,BIJOU CR. NR WIGGINS CO,0.0,2017-06-02 12:10 America/Denver
20140828,3263,BIJOU CR. NR WIGGINS CO,0.0,2017-06-02 12:10 America/Denver
20140829,3263,BIJOU CR. NR WIGGINS CO,0.0,2017-06-02 12:10 America/Denver
20140830,3263,BIJOU CR. NR WIGGINS CO,0.0,2017-06-02 12:10 America/Denver
20140831,3263,BIJOU CR. NR WIGGINS CO,0.0,2017-06-02 12:10 America/Denver
20140901,3263,BIJOU CR. NR WIGGINS CO,0.0,2017-06-02 12:10 America/Denver
20140902,3263,BIJOU CR. NR WIGGINS CO,0.0,2017-06-02 12:10 America/Denver
20140903,3263,BIJOU CR. NR WIGGINS CO,0.0,2017-06-02 12:10 America/Denver
20140904,3263,BIJOU CR. NR WIGGINS CO,0.0,2017-06-02 12:10 America/Denver
20140905,3263,BIJOU CR. NR WIGGINS CO,0.0,2017-06-02 12:10 America/Denver
20140906,3263,BIJOU CR. NR WIGGINS CO,0.0,2017-06-02 12:10 America/Denver
20140907,3263,BIJOU CR. NR WIGGINS CO,0.0,2017-06-02 12:10 America/Denver
20140908,3263,BIJOU CR. NR WIGGINS CO,0.0,2017-06-02 12:10 America/Denver
20140909,3263,BIJOU CR. NR WIGGINS CO,0.0,2017-06-02 12:10 America/Denver
20140910,3263,BIJOU CR. NR WIGGINS CO,0.0,2017-06-02 12:10 America/Denver
20140911,3263,BIJOU CR. NR WIGGINS CO,0.0,2017-06-02 12:10 America/Denver
20140912,3263,BIJOU CR. NR WIGGINS CO,0.0,2017-06-02 12:10 America/Denver
20140913,3263,BIJOU CR. NR WIGGINS CO,0.0,2017-06-02 12:10 America/Denver
20140914,3263,BIJOU CR. NR WIGGINS CO,0.0,2017-06-02 12:10 America/Denver
20140915,3263,BIJOU CR. NR WIGGINS CO,0.0,2017-06-02 12:10 America/Denver
20140916,3263,BIJOU CR. NR WIGGINS CO,0.0,2017-06-02 12:10 America/Denver
20140917,3263,BIJOU CR. NR WIGGINS CO,0.0,2017-06-02 12:10 America/Denver
20140918,3263,BIJOU CR. NR WIGGINS CO,0.0,2017-06-02 12:10 America/Denver
20140919,3263,BIJOU CR. NR WIGGINS CO,0.0,2017-06-02 12:10 America/Denver
20140920,3263,BIJOU CR. NR WIGGINS CO,0.0,2017-06-02 12:10 America/Denver
20140921,3263,BIJOU CR. NR WIGGINS CO,0.0,2017-06-02 12:10 America/Denver
20140922,3263,BIJOU CR. NR WIGGINS CO,0.0,2017-06-02 12:10 America/Denver
20140923,3263,BIJOU CR. NR WIGGINS CO,0.0,2017-06-02 12:10 America/Denver
20140924,3263,BIJOU CR. NR WIGGINS CO,0.0,2017-06-02 12:10 America/Denver
20140925,3263,BIJOU CR. NR WIGGINS CO,0.0,2017-06-02 12:10 America/Denver
20140926,3263,BIJOU CR. NR WIGGINS CO,0.0,2017-06-02 12:10 America/Denver
20140927,3263,BIJOU CR. NR WIGGINS CO,0.0,2017-06-02 12:10 America/Denver
20140928,3263,BIJOU CR. NR WIGGINS CO,0.0,2017-06-02 12:10 America/Denver
20140929,3263,BIJOU CR. NR WIGGINS CO,0.0,2017-06-02 12:10 America/Denver
20140930,3263,BIJOU CR. NR WIGGINS CO,0.0,2017-06-02 12:10 America/Denver
20141001,3263,BIJOU CR. NR WIGGINS CO,0.0,2017-06-02 12:10 America/Denver
20141002,3263,BIJOU CR. NR WIGGINS CO,0.0,2017-06-02 12:10 America/Denver
20141003,3263,BIJOU CR. NR WIGGINS CO,0.0,2017-06-02 12:10 America/Denver
20141004,3263,BIJOU CR. NR WIGGINS CO,0.0,2017-06-02 12:10 America/Denver
20141005,3263,BIJOU CR. NR WIGGINS CO,0.0,2017-06-02 12:10 America/Denver
20141006,3263,BIJOU CR. NR WIGGINS CO,0.0,2017-06-02 12:10 America/Denver
20141007,3263,BIJOU CR. NR WIGGINS CO,0.0,2017-06-02 12:10 America/Denver
20141008,3263,BIJOU CR. NR WIGGINS CO,0.0,2017-06-02 12:10 America/Denver
20141009,3263,BIJOU CR. NR WIGGINS CO,0.0,2017-06-02 12:10 America/Denver
20141010,3263,BIJOU CR. NR WIGGINS CO,0.0,2017-06-02 12:10 America/Denver
20141011,3263,BIJOU CR. NR WIGGINS CO,0.0,2017-06-02 12:10 America/Denver
20141012,3263,BIJOU CR. NR WIGGINS CO,0.0,2017-06-02 12:10 America/Denver
20141013,3263,BIJOU CR. NR WIGGINS CO,0.0,2017-06-02 12:10 America/Denver
20141014,3263,BIJOU CR. NR WIGGINS CO,0.0,2017-06-02 12:10 America/Denver
20141015,3263,BIJOU CR. NR WIGGINS CO,0.0,2017-06-02 12:10 America/Denver
20141016,3263,BIJOU CR. NR WIGGINS CO,0.0,2017-06-02 12:10 America/Denver
20141017,3263,BIJOU CR. NR WIGGINS CO,0.0,2017-06-02 12:10 America/Denver
20141018,3263,BIJOU CR. NR WIGGINS CO,0.0,2017-06-02 12:10 America/Denver
20141019,3263,BIJOU CR. NR WIGGINS CO,0.0,2017-06-02 12:10 America/Denver
20141020,3263,BIJOU CR. NR WIGGINS CO,0.0,2017-06-02 12:10 America/Denver
20141021,3263,BIJOU CR. NR WIGGINS CO,0.0,2017-06-02 12:10 America/Denver
20141022,3263,BIJOU CR. NR WIGGINS CO,0.0,2017-06-02 12:10 America/Denver
20141023,3263,BIJOU CR. NR WIGGINS CO,0.0,2017-06-02 12:10 America/Denver
20141024,3263,BIJOU CR. NR WIGGINS CO,0.0,2017-06-02 12:10 America/Denver
20141025,3263,BIJOU CR. NR WIGGINS CO,0.0,2017-06-02 12:10 America/Denver
20141026,3263,BIJOU CR. NR WIGGINS CO,0.0,2017-06-02 12:10 America/Denver
20141027,3263,BIJOU CR. NR WIGGINS CO,0.0,2017-06-02 12:10 America/Denver
20141028,3263,BIJOU CR. NR WIGGINS CO,10.0,2017-06-02 12:10 America/Denver
20141029,3263,BIJOU CR. NR WIGGINS CO,0.0,2017-06-02 12:10 America/Denver
20141030,3263,BIJOU CR. NR WIGGINS CO,0.0,2017-06-02 12:10 America/Denver
20141031,3263,BIJOU CR. NR WIGGINS CO,0.0,2017-06-02 12:10 America/Denver
20141101,3263,BIJOU CR. NR WIGGINS CO,0.0,2017-06-02 12:10 America/Denver
20141102,3263,BIJOU CR. NR WIGGINS CO,0.0,2017-06-02 12:10 America/Denver
20141103,3263,BIJOU CR. NR WIGGINS CO,0.0,2017-06-02 12:10 America/Denver
20141104,3263,BIJOU CR. NR WIGGINS CO,0.0,2017-06-02 12:10 America/Denver
20141105,3263,BIJOU CR. NR WIGGINS CO,0.0,2017-06-02 12:10 America/Denver
20141106,3263,BIJOU CR. NR WIGGINS CO,0.0,2017-06-02 12:10 America/Denver
20141107,3263,BIJOU CR. NR WIGGINS CO,0.0,2017-06-02 12:10 America/Denver
20141108,3263,BIJOU CR. NR WIGGINS CO,0.0,2017-06-02 12:10 America/Denver
20141109,3263,BIJOU CR. NR WIGGINS CO,0.0,2017-06-02 12:10 America/Denver
20141110,3263,BIJOU CR. NR WIGGINS CO,0.0,2017-06-02 12:10 America/Denver
20141111,3263,BIJOU CR. NR WIGGINS CO,3866.0,2017-06-02 12:10 America/Denver
20141112,3263,BIJOU CR. NR WIGGINS CO,1763.0,2017-06-02 12:10 America/Denver
20141113,3263,BIJOU CR. NR WIGGINS CO,9255.0,2017-06-02 12:10 America/Denver
20141114,3263,BIJOU CR. NR WIGGINS CO,9259.0,2017-06-02 12:10 America/Denver
20141115,3263,BIJOU CR. NR WIGGINS CO,7913.0,2017-06-02 12:10 America/Denver
20141116,3263,BIJOU CR. NR WIGGINS CO,25214.0,2017-06-02 12:10 America/Denver
20141117,3263,BIJOU CR. NR WIGGINS CO,26967.0,2017-06-02 12:10 America/Denver
20141118,3263,BIJOU CR. NR WIGGINS CO,25315.0,2017-06-02 12:10 America/Denver
20141119,3263,BIJOU CR. NR WIGGINS CO,6553.0,2017-06-02 12:10 America/Denver
20141120,3263,BIJOU CR. NR WIGGINS CO,3299.0,2017-06-02 12:10 America/Denver
20141121,3263,BIJOU CR. NR WIGGINS CO,727.0,2017-06-02 12:10 America/Denver
20141122,3263,BIJOU CR. NR WIGGINS CO,77.0,2017-06-02 12:10 America/Denver
20141123,3263,BIJOU CR. NR WIGGINS CO,0.0,2017-06-02 12:10 America/Denver
20141124,3263,BIJOU CR. NR WIGGINS CO,11517.0,2017-06-02 12:10 America/Denver
20141125,3263,BIJOU CR. NR WIGGINS CO,9736.0,2017-06-02 12:10 America/Denver
20141126,3263,BIJOU CR. NR WIGGINS CO,5411.0,2017-06-02 12:10 America/Denver
20141127,3263,BIJOU CR. NR WIGGINS CO,6556.0,2017-06-02 12:10 America/Denver
20141128,3263,BIJOU CR. NR WIGGINS CO,0.0,2017-06-02 12:10 America/Denver
20141129,3263,BIJOU CR. NR WIGGINS CO,0.0,2017-06-02 12:10 America/Denver
20141130,3263,BIJOU CR. NR WIGGINS CO,0.0,2017-06-02 12:10 America/Denver
20141201,3263,BIJOU CR. NR WIGGINS CO,0.0,2017-06-02 12:10 America/Denver
20141202,3263,BIJOU CR. NR WIGGINS CO,0.0,2017-06-02 12:10 America/Denver
20141203,3263,BIJOU CR. NR WIGGINS CO,0.0,2017-06-02 12:10 America/Denver
20141204,3263,BIJOU CR. NR WIGGINS CO,0.0,2017-06-02 12:10 America/Denver
20141205,3263,BIJOU CR. NR WIGGINS CO,0.0,2017-06-02 12:10 America/Denver
20141206,3263,BIJOU CR. NR WIGGINS CO,0.0,2017-06-02 12:10 America/Denver
20141207,3263,BIJOU CR. NR WIGGINS CO,0.0,2017-06-02 12:10 America/Denver
20141208,3263,BIJOU CR. NR WIGGINS CO,0.0,2017-06-02 12:10 America/Denver
20141209,3263,BIJOU CR. NR WIGGINS CO,0.0,2017-06-02 12:10 America/Denver
20141210,3263,BIJOU CR. NR WIGGINS CO,0.0,2017-06-02 12:10 America/Denver
20141211,3263,BIJOU CR. NR WIGGINS CO,0.0,2017-06-02 12:10 America/Denver
20141212,3263,BIJOU CR. NR WIGGINS CO,0.0,2017-06-02 12:10 America/Denver
20141213,3263,BIJOU CR. NR WIGGINS CO,0.0,2017-06-02 12:10 America/Denver
20141214,3263,BIJOU CR. NR WIGGINS CO,0.0,2017-06-02 12:10 America/Denver
20141215,3263,BIJOU CR. NR WIGGINS CO,18014.0,2017-06-02 12:10 America/Denver
20141216,3263,BIJOU CR. NR WIGGINS CO,25456.0,2017-06-02 12:10 America/Denver
20141217,3263,BIJOU CR. NR WIGGINS CO,25326.0,2017-06-02 12:10 America/Denver
20141218,3263,BIJOU CR. NR WIGGINS CO,29194.0,2017-06-02 12:10 America/Denver
20141219,3263,BIJOU CR. NR WIGGINS CO,28348.0,2017-06-02 12:10 America/Denver
20141220,3263,BIJOU CR. NR WIGGINS CO,26735.0,2017-06-02 12:10 America/Denver
20141221,3263,BIJOU CR. NR WIGGINS CO,24195.0,2017-06-02 12:10 America/Denver
20141222,3263,BIJOU CR. NR WIGGINS CO,36.0,2017-06-02 12:10 America/Denver
20141223,3263,BIJOU CR. NR WIGGINS CO,10365.0,2017-06-02 12:10 America/Denver
20141224,3263,BIJOU CR. NR WIGGINS CO,8304.0,2017-06-02 12:10 America/Denver
20141225,3263,BIJOU CR. NR WIGGINS CO,2844.0,2017-06-02 12:10 America/Denver
20141226,3263,BIJOU CR. NR WIGGINS CO,4089.0,2017-06-02 12:10 America/Denver
20141227,3263,BIJOU CR. NR WIGGINS CO,9340.0,2017-06-02 12:10 America/Denver
20141228,3263,BIJOU CR. NR WIGGINS CO,9278.0,2017-06-02 12:10 America/Denver
20141229,3263,BIJOU CR. NR WIGGINS CO,9038.0,2017-06-02 12:10 America/Denver
20141230,3263,BIJOU CR. NR WIGGINS CO,28126.0,2017-06-02 12:10 America/Denver
20141231,3263,BIJOU CR. NR WIGGINS CO,30722.0,2017-06-02 12:10 America/Denver
20150101,3263,BIJOU CR. NR WIGGINS CO,30155.0,2017-06-02 12:10 America/Denver
20150102,3263,BIJOU CR. NR WIGGINS CO,33489.0,2017-06-02 12:10 America/Denver
20150103,3263,BIJOU CR. NR WIGGINS CO,33678.0,2017-06-02 12:10 America/Denver
20150104,3263,BIJOU CR. NR WIGGINS CO,43245.0,2017-06-02 12:10 America/Denver
20150105,3263,BIJOU CR. NR WIGGINS CO,43142.0,2017-06-02 12:10 America/Denver
20150106,3263,BIJOU CR. NR WIGGINS CO,4653.0,2017-06-02 12:10 America/Denver
20150107,3263,BIJOU CR. NR WIGGINS CO,2988.0,2017-06-02 12:10 America/Denver
20150108,3263,BIJOU CR. NR WIGGINS CO,3460.0,2017-06-02 12:10 America/Denver
20150109,3263,BIJOU CR. NR WIGGINS CO,3404.0,2017-06-02 12:10 America/Denver
20150110,3263,BIJOU CR. NR WIGGINS CO,4396.0,2017-06-02 12:10 America/Denver
20150111,3263,BIJOU CR. NR WIGGINS CO,1079.0,2017-06-02 12:10 America/Denver
20150112,3263,BIJOU CR. NR WIGGINS CO,10997.0,2017-06-02 12:10 America/Denver
20150113,3263,BIJOU CR. NR WIGGINS CO,12681.0,2017-06-02 12:10 America/Denver
20150114,3263,BIJOU CR. NR WIGGINS CO,13654.0,2017-06-02 12:10 America/Denver
20150115,3263,BIJOU CR. NR WIGGINS CO,13112.0,2017-06-02 12:10 America/Denver
20150116,3263,BIJOU CR. NR WIGGINS CO,7987.0,2017-06-02 12:10 America/Denver
20150117,3263,BIJOU CR. NR WIGGINS CO,877.0,2017-06-02 12:10 America/Denver
20150118,3263,BIJOU CR. NR WIGGINS CO,95.0,2017-06-02 12:10 America/Denver
20150119,3263,BIJOU CR. NR WIGGINS CO,6.0,2017-06-02 12:10 America/Denver
20150120,3263,BIJOU CR. NR WIGGINS CO,245.0,2017-06-02 12:10 America/Denver
20150121,3263,BIJOU CR. NR WIGGINS CO,1217.0,2017-06-02 12:10 America/Denver
20150122,3263,BIJOU CR. NR WIGGINS CO,11044.0,2017-06-02 12:10 America/Denver
20150123,3263,BIJOU CR. NR WIGGINS CO,8917.0,2017-06-02 12:10 America/Denver
20150124,3263,BIJOU CR. NR WIGGINS CO,3557.0,2017-06-02 12:10 America/Denver
20150125,3263,BIJOU CR. NR WIGGINS CO,264.0,2017-06-02 12:10 America/Denver
20150126,3263,BIJOU CR. NR WIGGINS CO,19.0,2017-06-02 12:10 America/Denver
20150127,3263,BIJOU CR. NR WIGGINS CO,882.0,2017-06-02 12:10 America/Denver
20150128,3263,BIJOU CR. NR WIGGINS CO,50.0,2017-06-02 12:10 America/Denver
20150129,3263,BIJOU CR. NR WIGGINS CO,0.0,2017-06-02 12:10 America/Denver
20150130,3263,BIJOU CR. NR WIGGINS CO,0.0,2017-06-02 12:10 America/Denver
20150131,3263,BIJOU CR. NR WIGGINS CO,0.0,2017-06-02 12:10 America/Denver
20150201,3263,BIJOU CR. NR WIGGINS CO,8272.0,2017-06-02 12:10 America/Denver
20150202,3263,BIJOU CR. NR WIGGINS CO,14530.0,2017-06-02 12:10 America/Denver
20150203,3263,BIJOU CR. NR WIGGINS CO,1647.0,2017-06-02 12:10 America/Denver
20150204,3263,BIJOU CR. NR WIGGINS CO,0.0,2017-06-02 12:10 America/Denver
20150205,3263,BIJOU CR. NR WIGGINS CO,3579.0,2017-06-02 12:10 America/Denver
20150206,3263,BIJOU CR. NR WIGGINS CO,0.0,2017-06-02 12:10 America/Denver
20150207,3263,BIJOU CR. NR WIGGINS CO,0.0,2017-06-02 12:10 America/Denver
20150208,3263,BIJOU CR. NR WIGGINS CO,0.0,2017-06-02 12:10 America/Denver
20150209,3263,BIJOU CR. NR WIGGINS CO,0.0,2017-06-02 12:10 America/Denver
20150210,3263,BIJOU CR. NR WIGGINS CO,0.0,2017-06-02 12:10 America/Denver
20150211,3263,BIJOU CR. NR WIGGINS CO,0.0,2017-06-02 12:10 America/Denver
20150212,3263,BIJOU CR. NR WIGGINS CO,163.0,2017-06-02 12:10 America/Denver
20150213,3263,BIJOU CR. NR WIGGINS CO,0.0,2017-06-02 12:10 America/Denver
20150214,3263,BIJOU CR. NR WIGGINS CO,0.0,2017-06-02 12:10 America/Denver
20150215,3263,BIJOU CR. NR WIGGINS CO,0.0,2017-06-02 12:10 America/Denver
20150216,3263,BIJOU CR. NR WIGGINS CO,1376.0,2017-06-02 12:10 America/Denver
20150217,3263,BIJOU CR. NR WIGGINS CO,20489.0,2017-06-02 12:10 America/Denver
20150218,3263,BIJOU CR. NR WIGGINS CO,13457.0,2017-06-02 12:10 America/Denver
20150219,3263,BIJOU CR. NR WIGGINS CO,7510.0,2017-06-02 12:10 America/Denver
20150220,3263,BIJOU CR. NR WIGGINS CO,0.0,2017-06-02 12:10 America/Denver
20150221,3263,BIJOU CR. NR WIGGINS CO,3088.0,2017-06-02 12:10 America/Denver
20150222,3263,BIJOU CR. NR WIGGINS CO,47245.0,2017-06-02 12:10 America/Denver
20150223,3263,BIJOU CR. NR WIGGINS CO,71235.0,2017-06-02 12:10 America/Denver
20150224,3263,BIJOU CR. NR WIGGINS CO,59409.0,2017-06-02 12:10 America/Denver
20150225,3263,BIJOU CR. NR WIGGINS CO,57356.0,2017-06-02 12:10 America/Denver
20150226,3263,BIJOU CR. NR WIGGINS CO,41805.0,2017-06-02 12:10 America/Denver
20150227,3263,BIJOU CR. NR WIGGINS CO,60429.0,2017-06-02 12:10 America/Denver
20150228,3263,BIJOU CR. NR WIGGINS CO,52679.0,2017-06-02 12:10 America/Denver
20150301,3263,BIJOU CR. NR WIGGINS CO,53105.0,2017-06-02 12:10 America/Denver
20150302,3263,BIJOU CR. NR WIGGINS CO,55666.0,2017-06-02 12:10 America/Denver
20150303,3263,BIJOU CR. NR WIGGINS CO,31305.0,2017-06-02 12:10 America/Denver
20150304,3263,BIJOU CR. NR WIGGINS CO,33342.0,2017-06-02 12:10 America/Denver
20150305,3263,BIJOU CR. NR WIGGINS CO,42924.0,2017-06-02 12:10 America/Denver
20150306,3263,BIJOU CR. NR WIGGINS CO,41662.0,2017-06-02 12:10 America/Denver
20150307,3263,BIJOU CR. NR WIGGINS CO,27341.0,2017-06-02 12:10 America/Denver
20150308,3263,BIJOU CR. NR WIGGINS CO,807.0,2017-06-02 12:10 America/Denver
20150309,3263,BIJOU CR. NR WIGGINS CO,57.0,2017-06-02 12:10 America/Denver
20150310,3263,BIJOU CR. NR WIGGINS CO,18.0,2017-06-02 12:10 America/Denver
20150311,3263,BIJOU CR. NR WIGGINS CO,1.0,2017-06-02 12:10 America/Denver
20150312,3263,BIJOU CR. NR WIGGINS CO,0.0,2017-06-02 12:10 America/Denver
20150313,3263,BIJOU CR. NR WIGGINS CO,0.0,2017-06-02 12:10 America/Denver
20150314,3263,BIJOU CR. NR WIGGINS CO,0.0,2017-06-02 12:10 America/Denver
20150315,3263,BIJOU CR. NR WIGGINS CO,0.0,2017-06-02 12:10 America/Denver
20150316,3263,BIJOU CR. NR WIGGINS CO,0.0,2017-06-02 12:10 America/Denver
20150317,3263,BIJOU CR. NR WIGGINS CO,0.0,2017-06-02 12:10 America/Denver
20150318,3263,BIJOU CR. NR WIGGINS CO,0.0,2017-06-02 12:10 America/Denver
20150319,3263,BIJOU CR. NR WIGGINS CO,0.0,2017-06-02 12:10 America/Denver
20150320,3263,BIJOU CR. NR WIGGINS CO,848.0,2017-06-02 12:10 America/Denver
20150321,3263,BIJOU CR. NR WIGGINS CO,0.0,2017-06-02 12:10 America/Denver
20150322,3263,BIJOU CR. NR WIGGINS CO,0.0,2017-06-02 12:10 America/Denver
20150323,3263,BIJOU CR. NR WIGGINS CO,0.0,2017-06-02 12:10 America/Denver
20150324,3263,BIJOU CR. NR WIGGINS CO,0.0,2017-06-02 12:10 America/Denver
20150325,3263,BIJOU CR. NR WIGGINS CO,0.0,2017-06-02 12:10 America/Denver
20150326,3263,BIJOU CR. NR WIGGINS CO,4338.0,2017-06-02 12:10 America/Denver
20150327,3263,BIJOU CR. NR WIGGINS CO,0.0,2017-06-02 12:10 America/Denver
20150328,3263,BIJOU CR. NR WIGGINS CO,0.0,2017-06-02 12:10 America/Denver
20150329,3263,BIJOU CR. NR WIGGINS CO,0.0,2017-06-02 12:10 America/Denver
20150330,3263,BIJOU CR. NR WIGGINS CO,0.0,2017-06-02 12:10 America/Denver
20150331,3263,BIJOU CR. NR WIGGINS CO,0.0,2017-06-02 12:10 America/Denver
20150401,3263,BIJOU CR. NR WIGGINS CO,0.0,2017-06-02 12:10 America/Denver
20150402,3263,BIJOU CR. NR WIGGINS CO,0.0,2017-06-02 12:10 America/Denver
20150403,3263,BIJOU CR. NR WIGGINS CO,2445.0,2017-06-02 12:10 America/Denver
20150404,3263,BIJOU CR. NR WIGGINS CO,59.0,2017-06-02 12:10 America/Denver
20150405,3263,BIJOU CR. NR WIGGINS CO,0.0,2017-06-02 12:10 America/Denver
20150406,3263,BIJOU CR. NR WIGGINS CO,0.0,2017-06-02 12:10 America/Denver
20150407,3263,BIJOU CR. NR WIGGINS CO,0.0,2017-06-02 12:10 America/Denver
20150408,3263,BIJOU CR. NR WIGGINS CO,0.0,2017-06-02 12:10 America/Denver
20150409,3263,BIJOU CR. NR WIGGINS CO,0.0,2017-06-02 12:10 America/Denver
20150410,3263,BIJOU CR. NR WIGGINS CO,0.0,2017-06-02 12:10 America/Denver
20150411,3263,BIJOU CR. NR WIGGINS CO,0.0,2017-06-02 12:10 America/Denver
20150412,3263,BIJOU CR. NR WIGGINS CO,0.0,2017-06-02 12:10 America/Denver
20150413,3263,BIJOU CR. NR WIGGINS CO,0.0,2017-06-02 12:10 America/Denver
20150414,3263,BIJOU CR. NR WIGGINS CO,0.0,2017-06-02 12:10 America/Denver
20150415,3263,BIJOU CR. NR WIGGINS CO,0.0,2017-06-02 12:10 America/Denver
20150416,3263,BIJOU CR. NR WIGGINS CO,0.0,2017-06-02 12:10 America/Denver
20150417,3263,BIJOU CR. NR WIGGINS CO,39713.0,2017-06-02 12:10 America/Denver
20150418,3263,BIJOU CR. NR WIGGINS CO,523.0,2017-06-02 12:10 America/Denver
20150419,3263,BIJOU CR. NR WIGGINS CO,270.0,2017-06-02 12:10 America/Denver
20150420,3263,BIJOU CR. NR WIGGINS CO,149.0,2017-06-02 12:10 America/Denver
20150421,3263,BIJOU CR. NR WIGGINS CO,12.0,2017-06-02 12:10 America/Denver
20150422,3263,BIJOU CR. NR WIGGINS CO,0.0,2017-06-02 12:10 America/Denver
20150423,3263,BIJOU CR. NR WIGGINS CO,0.0,2017-06-02 12:10 America/Denver
20150424,3263,BIJOU CR. NR WIGGINS CO,0.0,2017-06-02 12:10 America/Denver
20150425,3263,BIJOU CR. NR WIGGINS CO,0.0,2017-06-02 12:10 America/Denver
20150426,3263,BIJOU CR. NR WIGGINS CO,0.0,2017-06-02 12:10 America/Denver
20150427,3263,BIJOU CR. NR WIGGINS CO,0.0,2017-06-02 12:10 America/Denver
20150428,3263,BIJOU CR. NR WIGGINS CO,9.0,2017-06-02 12:10 America/Denver
20150429,3263,BIJOU CR. NR WIGGINS CO,0.0,2017-06-02 12:10 America/Denver
20150430,3263,BIJOU CR. NR WIGGINS CO,0.0,2017-06-02 12:10 America/Denver
20150501,3263,BIJOU CR. NR WIGGINS CO,0.0,2017-06-02 12:10 America/Denver
20150502,3263,BIJOU CR. NR WIGGINS CO,0.0,2017-06-02 12:10 America/Denver
20150503,3263,BIJOU CR. NR WIGGINS CO,0.0,2017-06-02 12:10 America/Denver
20150504,3263,BIJOU CR. NR WIGGINS CO,0.0,2017-06-02 12:10 America/Denver
20150505,3263,BIJOU CR. NR WIGGINS CO,0.0,2017-06-02 12:10 America/Denver
20150506,3263,BIJOU CR. NR WIGGINS CO,0.0,2017-06-02 12:10 America/Denver
20150507,3263,BIJOU CR. NR WIGGINS CO,0.0,2017-06-02 12:10 America/Denver
20150508,3263,BIJOU CR. NR WIGGINS CO,0.0,2017-06-02 12:10 America/Denver
20150509,3263,BIJOU CR. NR WIGGINS CO,0.0,2017-06-02 12:10 America/Denver
20150510,3263,BIJOU CR. NR WIGGINS CO,17962.0,2017-06-02 12:10 America/Denver
20150511,3263,BIJOU CR. NR WIGGINS CO,9246.0,2017-06-02 12:10 America/Denver
20150512,3263,BIJOU CR. NR WIGGINS CO,12.0,2017-06-02 12:10 America/Denver
20150513,3263,BIJOU CR. NR WIGGINS CO,0.0,2017-06-02 12:10 America/Denver
20150514,3263,BIJOU CR. NR WIGGINS CO,0.0,2017-06-02 12:10 America/Denver
20150515,3263,BIJOU CR. NR WIGGINS CO,0.0,2017-06-02 12:10 America/Denver
20150516,3263,BIJOU CR. NR WIGGINS CO,0.0,2017-06-02 12:10 America/Denver
20150517,3263,BIJOU CR. NR WIGGINS CO,0.0,2017-06-02 12:10 America/Denver
20150518,3263,BIJOU CR. NR WIGGINS CO,0.0,2017-06-02 12:10 America/Denver
20150519,3263,BIJOU CR. NR WIGGINS CO,0.0,2017-06-02 12:10 America/Denver
20150520,3263,BIJOU CR. NR WIGGINS CO,0.0,2017-06-02 12:10 America/Denver
20150521,3263,BIJOU CR. NR WIGGINS CO,0.0,2017-06-02 12:10 America/Denver
20150522,3263,BIJOU CR. NR WIGGINS CO,0.0,2017-06-02 12:10 America/Denver
20150523,3263,BIJOU CR. NR WIGGINS CO,0.0,2017-06-02 12:10 America/Denver
20150524,3263,BIJOU CR. NR WIGGINS CO,0.0,2017-06-02 12:10 America/Denver
20150525,3263,BIJOU CR. NR WIGGINS CO,0.0,2017-06-02 12:10 America/Denver
20150526,3263,BIJOU CR. NR WIGGINS CO,0.0,2017-06-02 12:10 America/Denver
20150527,3263,BIJOU CR. NR WIGGINS CO,0.0,2017-06-02 12:10 America/Denver
20150528,3263,BIJOU CR. NR WIGGINS CO,0.0,2017-06-02 12:10 America/Denver
20150529,3263,BIJOU CR. NR WIGGINS CO,0.0,2017-06-02 12:10 America/Denver
20150530,3263,BIJOU CR. NR WIGGINS CO,0.0,2017-06-02 12:10 America/Denver
20150531,3263,BIJOU CR. NR WIGGINS CO,0.0,2017-06-02 12:10 America/Denver
20150601,3263,BIJOU CR. NR WIGGINS CO,0.0,2017-06-02 12:10 America/Denver
20150602,3263,BIJOU CR. NR WIGGINS CO,0.0,2017-06-02 12:10 America/Denver
20150603,3263,BIJOU CR. NR WIGGINS CO,0.0,2017-06-02 12:10 America/Denver
20150604,3263,BIJOU CR. NR WIGGINS CO,0.0,2017-06-02 12:10 America/Denver
20150605,3263,BIJOU CR. NR WIGGINS CO,0.0,2017-06-02 12:10 America/Denver
20150606,3263,BIJOU CR. NR WIGGINS CO,0.0,2017-06-02 12:10 America/Denver
20150607,3263,BIJOU CR. NR WIGGINS CO,0.0,2017-06-02 12:10 America/Denver
20150608,3263,BIJOU CR. NR WIGGINS CO,0.0,2017-06-02 12:10 America/Denver
20150609,3263,BIJOU CR. NR WIGGINS CO,0.0,2017-06-02 12:10 America/Denver
20150610,3263,BIJOU CR. NR WIGGINS CO,0.0,2017-06-02 12:10 America/Denver
20150611,3263,BIJOU CR. NR WIGGINS CO,0.0,2017-06-02 12:10 America/Denver
20150612,3263,BIJOU CR. NR WIGGINS CO,0.0,2017-06-02 12:10 America/Denver
20150613,3263,BIJOU CR. NR WIGGINS CO,0.0,2017-06-02 12:10 America/Denver
20150614,3263,BIJOU CR. NR WIGGINS CO,0.0,2017-06-02 12:10 America/Denver
20150615,3263,BIJOU CR. NR WIGGINS CO,0.0,2017-06-02 12:10 America/Denver
20150616,3263,BIJOU CR. NR WIGGINS CO,0.0,2017-06-02 12:10 America/Denver
20150617,3263,BIJOU CR. NR WIGGINS CO,0.0,2017-06-02 12:10 America/Denver
20150618,3263,BIJOU CR. NR WIGGINS CO,0.0,2017-06-02 12:10 America/Denver
20150619,3263,BIJOU CR. NR WIGGINS CO,0.0,2017-06-02 12:10 America/Denver
20150620,3263,BIJOU CR. NR WIGGINS CO,0.0,2017-06-02 12:10 America/Denver
20150621,3263,BIJOU CR. NR WIGGINS CO,0.0,2017-06-02 12:10 America/Denver
20150622,3263,BIJOU CR. NR WIGGINS CO,0.0,2017-06-02 12:10 America/Denver
20150623,3263,BIJOU CR. NR WIGGINS CO,0.0,2017-06-02 12:10 America/Denver
20150624,3263,BIJOU CR. NR WIGGINS CO,0.0,2017-06-02 12:10 America/Denver
20150625,3263,BIJOU CR. NR WIGGINS CO,0.0,2017-06-02 12:10 America/Denver
20150626,3263,BIJOU CR. NR WIGGINS CO,0.0,2017-06-02 12:10 America/Denver
20150627,3263,BIJOU CR. NR WIGGINS CO,0.0,2017-06-02 12:10 America/Denver
20150628,3263,BIJOU CR. NR WIGGINS CO,0.0,2017-06-02 12:10 America/Denver
20150629,3263,BIJOU CR. NR WIGGINS CO,0.0,2017-06-02 12:10 America/Denver
20150630,3263,BIJOU CR. NR WIGGINS CO,0.0,2017-06-02 12:10 America/Denver
20150701,3263,BIJOU CR. NR WIGGINS CO,0.0,2017-06-02 12:10 America/Denver
20150702,3263,BIJOU CR. NR WIGGINS CO,0.0,2017-06-02 12:10 America/Denver
20150703,3263,BIJOU CR. NR WIGGINS CO,0.0,2017-06-02 12:10 America/Denver
20150704,3263,BIJOU CR. NR WIGGINS CO,0.0,2017-06-02 12:10 America/Denver
20150705,3263,BIJOU CR. NR WIGGINS CO,0.0,2017-06-02 12:10 America/Denver
20150706,3263,BIJOU CR. NR WIGGINS CO,0.0,2017-06-02 12:10 America/Denver
20150707,3263,BIJOU CR. NR WIGGINS CO,0.0,2017-06-02 12:10 America/Denver
20150708,3263,BIJOU CR. NR WIGGINS CO,0.0,2017-06-02 12:10 America/Denver
20150709,3263,BIJOU CR. NR WIGGINS CO,0.0,2017-06-02 12:10 America/Denver
20150710,3263,BIJOU CR. NR WIGGINS CO,0.0,2017-06-02 12:10 America/Denver
20150711,3263,BIJOU CR. NR WIGGINS CO,0.0,2017-06-02 12:10 America/Denver
20150712,3263,BIJOU CR. NR WIGGINS CO,0.0,2017-06-02 12:10 America/Denver
20150713,3263,BIJOU CR. NR WIGGINS CO,0.0,2017-06-02 12:10 America/Denver
20150714,3263,BIJOU CR. NR WIGGINS CO,0.0,2017-06-02 12:10 America/Denver
20150715,3263,BIJOU CR. NR WIGGINS CO,0.0,2017-06-02 12:10 America/Denver
20150716,3263,BIJOU CR. NR WIGGINS CO,0.0,2017-06-02 12:10 America/Denver
20150717,3263,BIJOU CR. NR WIGGINS CO,0.0,2017-06-02 12:10 America/Denver
20150718,3263,BIJOU CR. NR WIGGINS CO,0.0,2017-06-02 12:10 America/Denver
20150719,3263,BIJOU CR. NR WIGGINS CO,0.0,2017-06-02 12:10 America/Denver
20150720,3263,BIJOU CR. NR WIGGINS CO,0.0,2017-06-02 12:10 America/Denver
20150721,3263,BIJOU CR. NR WIGGINS CO,0.0,2017-06-02 12:10 America/Denver
20150722,3263,BIJOU CR. NR WIGGINS CO,0.0,2017-06-02 12:10 America/Denver
20150723,3263,BIJOU CR. NR WIGGINS CO,0.0,2017-06-02 12:10 America/Denver
20150724,3263,BIJOU CR. NR WIGGINS CO,0.0,2017-06-02 12:10 America/Denver
20150725,3263,BIJOU CR. NR WIGGINS CO,0.0,2017-06-02 12:10 America/Denver
20150726,3263,BIJOU CR. NR WIGGINS CO,0.0,2017-06-02 12:10 America/Denver
20150727,3263,BIJOU CR. NR WIGGINS CO,0.0,2017-06-02 12:10 America/Denver
20150728,3263,BIJOU CR. NR WIGGINS CO,0.0,2017-06-02 12:10 America/Denver
20150729,3263,BIJOU CR. NR WIGGINS CO,0.0,2017-06-02 12:10 America/Denver
20150730,3263,BIJOU CR. NR WIGGINS CO,0.0,2017-06-02 12:10 America/Denver
20150731,3263,BIJOU CR. NR WIGGINS CO,0.0,2017-06-02 12:10 America/Denver
20150801,3263,BIJOU CR. NR WIGGINS CO,0.0,2017-06-02 12:10 America/Denver
20150802,3263,BIJOU CR. NR WIGGINS CO,0.0,2017-06-02 12:10 America/Denver
20150803,3263,BIJOU CR. NR WIGGINS CO,0.0,2017-06-02 12:10 America/Denver
20150804,3263,BIJOU CR. NR WIGGINS CO,0.0,2017-06-02 12:10 America/Denver
20150805,3263,BIJOU CR. NR WIGGINS CO,0.0,2017-06-02 12:10 America/Denver
20150806,3263,BIJOU CR. NR WIGGINS CO,0.0,2017-06-02 12:10 America/Denver
20150807,3263,BIJOU CR. NR WIGGINS CO,0.0,2017-06-02 12:10 America/Denver
20150808,3263,BIJOU CR. NR WIGGINS CO,0.0,2017-06-02 12:10 America/Denver
20150809,3263,BIJOU CR. NR WIGGINS CO,0.0,2017-06-02 12:10 America/Denver
20150810,3263,BIJOU CR. NR WIGGINS CO,0.0,2017-06-02 12:10 America/Denver
20150811,3263,BIJOU CR. NR WIGGINS CO,0.0,2017-06-02 12:10 America/Denver
20150812,3263,BIJOU CR. NR WIGGINS CO,0.0,2017-06-02 12:10 America/Denver
20150813,3263,BIJOU CR. NR WIGGINS CO,0.0,2017-06-02 12:10 America/Denver
20150814,3263,BIJOU CR. NR WIGGINS CO,0.0,2017-06-02 12:10 America/Denver
20150815,3263,BIJOU CR. NR WIGGINS CO,0.0,2017-06-02 12:10 America/Denver
20150816,3263,BIJOU CR. NR WIGGINS CO,0.0,2017-06-02 12:10 America/Denver
20150817,3263,BIJOU CR. NR WIGGINS CO,0.0,2017-06-02 12:10 America/Denver
20150818,3263,BIJOU CR. NR WIGGINS CO,0.0,2017-06-02 12:10 America/Denver
20150819,3263,BIJOU CR. NR WIGGINS CO,0.0,2017-06-02 12:10 America/Denver
20150820,3263,BIJOU CR. NR WIGGINS CO,0.0,2017-06-02 12:10 America/Denver
20150821,3263,BIJOU CR. NR WIGGINS CO,0.0,2017-06-02 12:10 America/Denver
20150822,3263,BIJOU CR. NR WIGGINS CO,0.0,2017-06-02 12:10 America/Denver
20150823,3263,BIJOU CR. NR WIGGINS CO,0.0,2017-06-02 12:10 America/Denver
20150824,3263,BIJOU CR. NR WIGGINS CO,0.0,2017-06-02 12:10 America/Denver
20150825,3263,BIJOU CR. NR WIGGINS CO,0.0,2017-06-02 12:10 America/Denver
20150826,3263,BIJOU CR. NR WIGGINS CO,0.0,2017-06-02 12:10 America/Denver
20150827,3263,BIJOU CR. NR WIGGINS CO,0.0,2017-06-02 12:10 America/Denver
20150828,3263,BIJOU CR. NR WIGGINS CO,0.0,2017-06-02 12:10 America/Denver
20150829,3263,BIJOU CR. NR WIGGINS CO,0.0,2017-06-02 12:10 America/Denver
20150830,3263,BIJOU CR. NR WIGGINS CO,0.0,2017-06-02 12:10 America/Denver
20150831,3263,BIJOU CR. NR WIGGINS CO,0.0,2017-06-02 12:10 America/Denver
20150901,3263,BIJOU CR. NR WIGGINS CO,0.0,2017-06-02 12:10 America/Denver
20150902,3263,BIJOU CR. NR WIGGINS CO,0.0,2017-06-02 12:10 America/Denver
20150903,3263,BIJOU CR. NR WIGGINS CO,0.0,2017-06-02 12:10 America/Denver
20150904,3263,BIJOU CR. NR WIGGINS CO,0.0,2017-06-02 12:10 America/Denver
20150905,3263,BIJOU CR. NR WIGGINS CO,0.0,2017-06-02 12:10 America/Denver
20150906,3263,BIJOU CR. NR WIGGINS CO,0.0,2017-06-02 12:10 America/Denver
20150907,3263,BIJOU CR. NR WIGGINS CO,0.0,2017-06-02 12:10 America/Denver
20150908,3263,BIJOU CR. NR WIGGINS CO,0.0,2017-06-02 12:10 America/Denver
20150909,3263,BIJOU CR. NR WIGGINS CO,0.0,2017-06-02 12:10 America/Denver
20150910,3263,BIJOU CR. NR WIGGINS CO,0.0,2017-06-02 12:10 America/Denver
20150911,3263,BIJOU CR. NR WIGGINS CO,0.0,2017-06-02 12:10 America/Denver
20150912,3263,BIJOU CR. NR WIGGINS CO,0.0,2017-06-02 12:10 America/Denver
20150913,3263,BIJOU CR. NR WIGGINS CO,0.0,2017-06-02 12:10 America/Denver
20150914,3263,BIJOU CR. NR WIGGINS CO,0.0,2017-06-02 12:10 America/Denver
20150915,3263,BIJOU CR. NR WIGGINS CO,0.0,2017-06-02 12:10 America/Denver
20150916,3263,BIJOU CR. NR WIGGINS CO,0.0,2017-06-02 12:10 America/Denver
20150917,3263,BIJOU CR. NR WIGGINS CO,0.0,2017-06-02 12:10 America/Denver
20150918,3263,BIJOU CR. NR WIGGINS CO,0.0,2017-06-02 12:10 America/Denver
20150919,3263,BIJOU CR. NR WIGGINS CO,0.0,2017-06-02 12:10 America/Denver
20150920,3263,BIJOU CR. NR WIGGINS CO,0.0,2017-06-02 12:10 America/Denver
20150921,3263,BIJOU CR. NR WIGGINS CO,0.0,2017-06-02 12:10 America/Denver
20150922,3263,BIJOU CR. NR WIGGINS CO,0.0,2017-06-02 12:10 America/Denver
20150923,3263,BIJOU CR. NR WIGGINS CO,0.0,2017-06-02 12:10 America/Denver
20150924,3263,BIJOU CR. NR WIGGINS CO,0.0,2017-06-02 12:10 America/Denver
20150925,3263,BIJOU CR. NR WIGGINS CO,0.0,2017-06-02 12:10 America/Denver
20150926,3263,BIJOU CR. NR WIGGINS CO,0.0,2017-06-02 12:10 America/Denver
20150927,3263,BIJOU CR. NR WIGGINS CO,0.0,2017-06-02 12:10 America/Denver
20150928,3263,BIJOU CR. NR WIGGINS CO,0.0,2017-06-02 12:10 America/Denver
20150929,3263,BIJOU CR. NR WIGGINS CO,0.0,2017-06-02 12:10 America/Denver
20150930,3263,BIJOU CR. NR WIGGINS CO,0.0,2017-06-02 12:10 America/Denver
20151001,3263,BIJOU CR. NR WIGGINS CO,0.0,2017-06-02 12:10 America/Denver
20151002,3263,BIJOU CR. NR WIGGINS CO,0.0,2017-06-02 12:10 America/Denver
20151003,3263,BIJOU CR. NR WIGGINS CO,0.0,2017-06-02 12:10 America/Denver
20151004,3263,BIJOU CR. NR WIGGINS CO,0.0,2017-06-02 12:10 America/Denver
20151005,3263,BIJOU CR. NR WIGGINS CO,0.0,2017-06-02 12:10 America/Denver
20151006,3263,BIJOU CR. NR WIGGINS CO,0.0,2017-06-02 12:10 America/Denver
20151007,3263,BIJOU CR. NR WIGGINS CO,0.0,2017-06-02 12:10 America/Denver
20151008,3263,BIJOU CR. NR WIGGINS CO,0.0,2017-06-02 12:10 America/Denver
20151009,3263,BIJOU CR. NR WIGGINS CO,0.0,2017-06-02 12:10 America/Denver
20151010,3263,BIJOU CR. NR WIGGINS CO,0.0,2017-06-02 12:10 America/Denver
20151011,3263,BIJOU CR. NR WIGGINS CO,0.0,2017-06-02 12:10 America/Denver
20151012,3263,BIJOU CR. NR WIGGINS CO,0.0,2017-06-02 12:10 America/Denver
20151013,3263,BIJOU CR. NR WIGGINS CO,0.0,2017-06-02 12:10 America/Denver
20151014,3263,BIJOU CR. NR WIGGINS CO,0.0,2017-06-02 12:10 America/Denver
20151015,3263,BIJOU CR. NR WIGGINS CO,0.0,2017-06-02 12:10 America/Denver
20151016,3263,BIJOU CR. NR WIGGINS CO,0.0,2017-06-02 12:10 America/Denver
20151017,3263,BIJOU CR. NR WIGGINS CO,0.0,2017-06-02 12:10 America/Denver
20151018,3263,BIJOU CR. NR WIGGINS CO,0.0,2017-06-02 12:10 America/Denver
20151019,3263,BIJOU CR. NR WIGGINS CO,0.0,2017-06-02 12:10 America/Denver
20151020,3263,BIJOU CR. NR WIGGINS CO,0.0,2017-06-02 12:10 America/Denver
20151021,3263,BIJOU CR. NR WIGGINS CO,0.0,2017-06-02 12:10 America/Denver
20151022,3263,BIJOU CR. NR WIGGINS CO,0.0,2017-06-02 12:10 America/Denver
20151023,3263,BIJOU CR. NR WIGGINS CO,0.0,2017-06-02 12:10 America/Denver
20151024,3263,BIJOU CR. NR WIGGINS CO,0.0,2017-06-02 12:10 America/Denver
20151025,3263,BIJOU CR. NR WIGGINS CO,0.0,2017-06-02 12:10 America/Denver
20151026,3263,BIJOU CR. NR WIGGINS CO,0.0,2017-06-02 12:10 America/Denver
20151027,3263,BIJOU CR. NR WIGGINS CO,0.0,2017-06-02 12:10 America/Denver
20151028,3263,BIJOU CR. NR WIGGINS CO,0.0,2017-06-02 12:10 America/Denver
20151029,3263,BIJOU CR. NR WIGGINS CO,0.0,2017-06-02 12:10 America/Denver
20151030,3263,BIJOU CR. NR WIGGINS CO,0.0,2017-06-02 12:10 America/Denver
20151031,3263,BIJOU CR. NR WIGGINS CO,0.0,2017-06-02 12:10 America/Denver
20151101,3263,BIJOU CR. NR WIGGINS CO,0.0,2017-06-02 12:10 America/Denver
20151102,3263,BIJOU CR. NR WIGGINS CO,0.0,2017-06-02 12:10 America/Denver
20151103,3263,BIJOU CR. NR WIGGINS CO,0.0,2017-06-02 12:10 America/Denver
20151104,3263,BIJOU CR. NR WIGGINS CO,0.0,2017-06-02 12:10 America/Denver
20151105,3263,BIJOU CR. NR WIGGINS CO,0.0,2017-06-02 12:10 America/Denver
20151106,3263,BIJOU CR. NR WIGGINS CO,2161.0,2017-06-02 12:10 America/Denver
20151107,3263,BIJOU CR. NR WIGGINS CO,765.0,2017-06-02 12:10 America/Denver
20151108,3263,BIJOU CR. NR WIGGINS CO,8.0,2017-06-02 12:10 America/Denver
20151109,3263,BIJOU CR. NR WIGGINS CO,0.0,2017-06-02 12:10 America/Denver
20151110,3263,BIJOU CR. NR WIGGINS CO,0.0,2017-06-02 12:10 America/Denver
20151111,3263,BIJOU CR. NR WIGGINS CO,0.0,2017-06-02 12:10 America/Denver
20151112,3263,BIJOU CR. NR WIGGINS CO,39487.0,2017-06-02 12:10 America/Denver
20151113,3263,BIJOU CR. NR WIGGINS CO,20355.0,2017-06-02 12:10 America/Denver
20151114,3263,BIJOU CR. NR WIGGINS CO,3419.0,2017-06-02 12:10 America/Denver
20151115,3263,BIJOU CR. NR WIGGINS CO,17.0,2017-06-02 12:10 America/Denver
20151116,3263,BIJOU CR. NR WIGGINS CO,0.0,2017-06-02 12:10 America/Denver
20151117,3263,BIJOU CR. NR WIGGINS CO,21747.0,2017-06-02 12:10 America/Denver
20151118,3263,BIJOU CR. NR WIGGINS CO,72307.0,2017-06-02 12:10 America/Denver
20151119,3263,BIJOU CR. NR WIGGINS CO,27590.0,2017-06-02 12:10 America/Denver
20151120,3263,BIJOU CR. NR WIGGINS CO,36277.0,2017-06-02 12:10 America/Denver
20151121,3263,BIJOU CR. NR WIGGINS CO,28051.0,2017-06-02 12:10 America/Denver
20151122,3263,BIJOU CR. NR WIGGINS CO,26480.0,2017-06-02 12:10 America/Denver
20151123,3263,BIJOU CR. NR WIGGINS CO,11691.0,2017-06-02 12:10 America/Denver
20151124,3263,BIJOU CR. NR WIGGINS CO,6052.0,2017-06-02 12:10 America/Denver
20151125,3263,BIJOU CR. NR WIGGINS CO,1152.0,2017-06-02 12:10 America/Denver
20151126,3263,BIJOU CR. NR WIGGINS CO,880.0,2017-06-02 12:10 America/Denver
20151127,3263,BIJOU CR. NR WIGGINS CO,5822.0,2017-06-02 12:10 America/Denver
20151128,3263,BIJOU CR. NR WIGGINS CO,6666.0,2017-06-02 12:10 America/Denver
20151129,3263,BIJOU CR. NR WIGGINS CO,7271.0,2017-06-02 12:10 America/Denver
20151130,3263,BIJOU CR. NR WIGGINS CO,12182.0,2017-06-02 12:10 America/Denver
20151201,3263,BIJOU CR. NR WIGGINS CO,23966.0,2017-06-02 12:10 America/Denver
20151202,3263,BIJOU CR. NR WIGGINS CO,21932.0,2017-06-02 12:10 America/Denver
20151203,3263,BIJOU CR. NR WIGGINS CO,18763.0,2017-06-02 12:10 America/Denver
20151204,3263,BIJOU CR. NR WIGGINS CO,18607.0,2017-06-02 12:10 America/Denver
20151205,3263,BIJOU CR. NR WIGGINS CO,10727.0,2017-06-02 12:10 America/Denver
20151206,3263,BIJOU CR. NR WIGGINS CO,4525.0,2017-06-02 12:10 America/Denver
20151207,3263,BIJOU CR. NR WIGGINS CO,741.0,2017-06-02 12:10 America/Denver
20151208,3263,BIJOU CR. NR WIGGINS CO,287.0,2017-06-02 12:10 America/Denver
20151209,3263,BIJOU CR. NR WIGGINS CO,30.0,2017-06-02 12:10 America/Denver
20151210,3263,BIJOU CR. NR WIGGINS CO,1.0,2017-06-02 12:10 America/Denver
20151211,3263,BIJOU CR. NR WIGGINS CO,0.0,2017-06-02 12:10 America/Denver
20151212,3263,BIJOU CR. NR WIGGINS CO,0.0,2017-06-02 12:10 America/Denver
20151213,3263,BIJOU CR. NR WIGGINS CO,24729.0,2017-06-02 12:10 America/Denver
20151214,3263,BIJOU CR. NR WIGGINS CO,23823.0,2017-06-02 12:10 America/Denver
20151215,3263,BIJOU CR. NR WIGGINS CO,13107.0,2017-06-02 12:10 America/Denver
20151216,3263,BIJOU CR. NR WIGGINS CO,56235.0,2017-06-02 12:10 America/Denver
20151217,3263,BIJOU CR. NR WIGGINS CO,55650.0,2017-06-02 12:10 America/Denver
20151218,3263,BIJOU CR. NR WIGGINS CO,54992.0,2017-06-02 12:10 America/Denver
20151219,3263,BIJOU CR. NR WIGGINS CO,44178.0,2017-06-02 12:10 America/Denver
20151220,3263,BIJOU CR. NR WIGGINS CO,13279.0,2017-06-02 12:10 America/Denver
20151221,3263,BIJOU CR. NR WIGGINS CO,10451.0,2017-06-02 12:10 America/Denver
20151222,3263,BIJOU CR. NR WIGGINS CO,9757.0,2017-06-02 12:10 America/Denver
20151223,3263,BIJOU CR. NR WIGGINS CO,11000.0,2017-06-02 12:10 America/Denver
20151224,3263,BIJOU CR. NR WIGGINS CO,17501.0,2017-06-02 12:10 America/Denver
20151225,3263,BIJOU CR. NR WIGGINS CO,14850.0,2017-06-02 12:10 America/Denver
20151226,3263,BIJOU CR. NR WIGGINS CO,18045.0,2017-06-02 12:10 America/Denver
20151227,3263,BIJOU CR. NR WIGGINS CO,18356.0,2017-06-02 12:10 America/Denver
20151228,3263,BIJOU CR. NR WIGGINS CO,17985.0,2017-06-02 12:10 America/Denver
20151229,3263,BIJOU CR. NR WIGGINS CO,17535.0,2017-06-02 12:10 America/Denver
20151230,3263,BIJOU CR. NR WIGGINS CO,18188.0,2017-06-02 12:10 America/Denver
20151231,3263,BIJOU CR. NR WIGGINS CO,18331.0,2017-06-02 12:10 America/Denver
20160101,3263,BIJOU CR. NR WIGGINS CO,18869.0,2017-06-02 12:10 America/Denver
20160102,3263,BIJOU CR. NR WIGGINS CO,18487.0,2017-06-02 12:10 America/Denver
20160103,3263,BIJOU CR. NR WIGGINS CO,17244.0,2017-06-02 12:10 America/Denver
20160104,3263,BIJOU CR. NR WIGGINS CO,15169.0,2017-06-02 12:10 America/Denver
20160105,3263,BIJOU CR. NR WIGGINS CO,12114.0,2017-06-02 12:10 America/Denver
20160106,3263,BIJOU CR. NR WIGGINS CO,11766.0,2017-06-02 12:10 America/Denver
20160107,3263,BIJOU CR. NR WIGGINS CO,10530.0,2017-06-02 12:10 America/Denver
20160108,3263,BIJOU CR. NR WIGGINS CO,10681.0,2017-06-02 12:10 America/Denver
20160109,3263,BIJOU CR. NR WIGGINS CO,24860.0,2017-06-02 12:10 America/Denver
20160110,3263,BIJOU CR. NR WIGGINS CO,25331.0,2017-06-02 12:10 America/Denver
20160111,3263,BIJOU CR. NR WIGGINS CO,25416.0,2017-06-02 12:10 America/Denver
20160112,3263,BIJOU CR. NR WIGGINS CO,24677.0,2017-06-02 12:10 America/Denver
20160113,3263,BIJOU CR. NR WIGGINS CO,20744.0,2017-06-02 12:10 America/Denver
20160114,3263,BIJOU CR. NR WIGGINS CO,10992.0,2017-06-02 12:10 America/Denver
20160115,3263,BIJOU CR. NR WIGGINS CO,6376.0,2017-06-02 12:10 America/Denver
20160116,3263,BIJOU CR. NR WIGGINS CO,6372.0,2017-06-02 12:10 America/Denver
20160117,3263,BIJOU CR. NR WIGGINS CO,6353.0,2017-06-02 12:10 America/Denver
20160118,3263,BIJOU CR. NR WIGGINS CO,6397.0,2017-06-02 12:10 America/Denver
20160119,3263,BIJOU CR. NR WIGGINS CO,6353.0,2017-06-02 12:10 America/Denver
20160120,3263,BIJOU CR. NR WIGGINS CO,19405.0,2017-06-02 12:10 America/Denver
20160121,3263,BIJOU CR. NR WIGGINS CO,10766.0,2017-06-02 12:10 America/Denver
20160122,3263,BIJOU CR. NR WIGGINS CO,7671.0,2017-06-02 12:10 America/Denver
20160123,3263,BIJOU CR. NR WIGGINS CO,4815.0,2017-06-02 12:10 America/Denver
20160124,3263,BIJOU CR. NR WIGGINS CO,3923.0,2017-06-02 12:10 America/Denver
20160125,3263,BIJOU CR. NR WIGGINS CO,3451.0,2017-06-02 12:10 America/Denver
20160126,3263,BIJOU CR. NR WIGGINS CO,2620.0,2017-06-02 12:10 America/Denver
20160127,3263,BIJOU CR. NR WIGGINS CO,2420.0,2017-06-02 12:10 America/Denver
20160128,3263,BIJOU CR. NR WIGGINS CO,1815.0,2017-06-02 12:10 America/Denver
20160129,3263,BIJOU CR. NR WIGGINS CO,1032.0,2017-06-02 12:10 America/Denver
20160130,3263,BIJOU CR. NR WIGGINS CO,453.0,2017-06-02 12:10 America/Denver
20160131,3263,BIJOU CR. NR WIGGINS CO,3414.0,2017-06-02 12:10 America/Denver
20160201,3263,BIJOU CR. NR WIGGINS CO,18851.0,2017-06-02 12:10 America/Denver
20160202,3263,BIJOU CR. NR WIGGINS CO,65764.0,2017-06-02 12:10 America/Denver
20160203,3263,BIJOU CR. NR WIGGINS CO,111405.0,2017-06-02 12:10 America/Denver
20160204,3263,BIJOU CR. NR WIGGINS CO,111082.0,2017-06-02 12:10 America/Denver
20160205,3263,BIJOU CR. NR WIGGINS CO,113794.0,2017-06-02 12:10 America/Denver
20160206,3263,BIJOU CR. NR WIGGINS CO,118281.0,2017-06-02 12:10 America/Denver
20160207,3263,BIJOU CR. NR WIGGINS CO,111947.0,2017-06-02 12:10 America/Denver
20160208,3263,BIJOU CR. NR WIGGINS CO,109720.0,2017-06-02 12:10 America/Denver
20160209,3263,BIJOU CR. NR WIGGINS CO,106261.0,2017-06-02 12:10 America/Denver
20160210,3263,BIJOU CR. NR WIGGINS CO,94591.0,2017-06-02 12:10 America/Denver
20160211,3263,BIJOU CR. NR WIGGINS CO,23980.0,2017-06-02 12:10 America/Denver
20160212,3263,BIJOU CR. NR WIGGINS CO,5743.0,2017-06-02 12:10 America/Denver
20160213,3263,BIJOU CR. NR WIGGINS CO,944.0,2017-06-02 12:10 America/Denver
20160214,3263,BIJOU CR. NR WIGGINS CO,23.0,2017-06-02 12:10 America/Denver
20160215,3263,BIJOU CR. NR WIGGINS CO,4.0,2017-06-02 12:10 America/Denver
20160216,3263,BIJOU CR. NR WIGGINS CO,0.0,2017-06-02 12:10 America/Denver
20160217,3263,BIJOU CR. NR WIGGINS CO,810.0,2017-06-02 12:10 America/Denver
20160218,3263,BIJOU CR. NR WIGGINS CO,123.0,2017-06-02 12:10 America/Denver
20160219,3263,BIJOU CR. NR WIGGINS CO,0.0,2017-06-02 12:10 America/Denver
20160220,3263,BIJOU CR. NR WIGGINS CO,0.0,2017-06-02 12:10 America/Denver
20160221,3263,BIJOU CR. NR WIGGINS CO,0.0,2017-06-02 12:10 America/Denver
20160222,3263,BIJOU CR. NR WIGGINS CO,0.0,2017-06-02 12:10 America/Denver
20160223,3263,BIJOU CR. NR WIGGINS CO,699.0,2017-06-02 12:10 America/Denver
20160224,3263,BIJOU CR. NR WIGGINS CO,662.0,2017-06-02 12:10 America/Denver
20160225,3263,BIJOU CR. NR WIGGINS CO,594.0,2017-06-02 12:10 America/Denver
20160226,3263,BIJOU CR. NR WIGGINS CO,565.0,2017-06-02 12:10 America/Denver
20160227,3263,BIJOU CR. NR WIGGINS CO,429.0,2017-06-02 12:10 America/Denver
20160228,3263,BIJOU CR. NR WIGGINS CO,45.0,2017-06-02 12:10 America/Denver
20160229,3263,BIJOU CR. NR WIGGINS CO,0.0,2017-06-02 12:10 America/Denver
20160301,3263,BIJOU CR. NR WIGGINS CO,0.0,2017-06-02 12:10 America/Denver
20160302,3263,BIJOU CR. NR WIGGINS CO,0.0,2017-06-02 12:10 America/Denver
20160303,3263,BIJOU CR. NR WIGGINS CO,0.0,2017-06-02 12:10 America/Denver
20160304,3263,BIJOU CR. NR WIGGINS CO,0.0,2017-06-02 12:10 America/Denver
20160305,3263,BIJOU CR. NR WIGGINS CO,0.0,2017-06-02 12:10 America/Denver
20160306,3263,BIJOU CR. NR WIGGINS CO,0.0,2017-06-02 12:10 America/Denver
20160307,3263,BIJOU CR. NR WIGGINS CO,0.0,2017-06-02 12:10 America/Denver
20160308,3263,BIJOU CR. NR WIGGINS CO,0.0,2017-06-02 12:10 America/Denver
20160309,3263,BIJOU CR. NR WIGGINS CO,0.0,2017-06-02 12:10 America/Denver
20160310,3263,BIJOU CR. NR WIGGINS CO,0.0,2017-06-02 12:10 America/Denver
20160311,3263,BIJOU CR. NR WIGGINS CO,0.0,2017-06-02 12:10 America/Denver
20160312,3263,BIJOU CR. NR WIGGINS CO,0.0,2017-06-02 12:10 America/Denver
20160313,3263,BIJOU CR. NR WIGGINS CO,0.0,2017-06-02 12:10 America/Denver
20160314,3263,BIJOU CR. NR WIGGINS CO,0.0,2017-06-02 12:10 America/Denver
20160315,3263,BIJOU CR. NR WIGGINS CO,0.0,2017-06-02 12:10 America/Denver
20160316,3263,BIJOU CR. NR WIGGINS CO,0.0,2017-06-02 12:10 America/Denver
20160317,3263,BIJOU CR. NR WIGGINS CO,134.0,2017-06-02 12:10 America/Denver
20160318,3263,BIJOU CR. NR WIGGINS CO,9289.0,2017-06-02 12:10 America/Denver
20160319,3263,BIJOU CR. NR WIGGINS CO,28442.0,2017-06-02 12:10 America/Denver
20160320,3263,BIJOU CR. NR WIGGINS CO,27350.0,2017-06-02 12:10 America/Denver
20160321,3263,BIJOU CR. NR WIGGINS CO,16566.0,2017-06-02 12:10 America/Denver
20160322,3263,BIJOU CR. NR WIGGINS CO,0.0,2017-06-02 12:10 America/Denver
20160323,3263,BIJOU CR. NR WIGGINS CO,0.0,2017-06-02 12:10 America/Denver
20160324,3263,BIJOU CR. NR WIGGINS CO,68686.0,2017-06-02 12:10 America/Denver
20160325,3263,BIJOU CR. NR WIGGINS CO,68583.0,2017-06-02 12:10 America/Denver
20160326,3263,BIJOU CR. NR WIGGINS CO,52931.0,2017-06-02 12:10 America/Denver
20160327,3263,BIJOU CR. NR WIGGINS CO,59439.0,2017-06-02 12:10 America/Denver
20160328,3263,BIJOU CR. NR WIGGINS CO,37209.0,2017-06-02 12:10 America/Denver
20160329,3263,BIJOU CR. NR WIGGINS CO,444.0,2017-06-02 12:10 America/Denver
20160330,3263,BIJOU CR. NR WIGGINS CO,47.0,2017-06-02 12:10 America/Denver
20160331,3263,BIJOU CR. NR WIGGINS CO,1182.0,2017-06-02 12:10 America/Denver
20160401,3263,BIJOU CR. NR WIGGINS CO,1380.0,2017-06-02 12:10 America/Denver
20160402,3263,BIJOU CR. NR WIGGINS CO,204.0,2017-06-02 12:10 America/Denver
20160403,3263,BIJOU CR. NR WIGGINS CO,12.0,2017-06-02 12:10 America/Denver
20160404,3263,BIJOU CR. NR WIGGINS CO,0.0,2017-06-02 12:10 America/Denver
20160405,3263,BIJOU CR. NR WIGGINS CO,0.0,2017-06-02 12:10 America/Denver
20160406,3263,BIJOU CR. NR WIGGINS CO,0.0,2017-06-02 12:10 America/Denver
20160407,3263,BIJOU CR. NR WIGGINS CO,0.0,2017-06-02 12:10 America/Denver
20160408,3263,BIJOU CR. NR WIGGINS CO,0.0,2017-06-02 12:10 America/Denver
20160409,3263,BIJOU CR. NR WIGGINS CO,0.0,2017-06-02 12:10 America/Denver
20160410,3263,BIJOU CR. NR WIGGINS CO,0.0,2017-06-02 12:10 America/Denver
20160411,3263,BIJOU CR. NR WIGGINS CO,0.0,2017-06-02 12:10 America/Denver
20160412,3263,BIJOU CR. NR WIGGINS CO,3.0,2017-06-02 12:10 America/Denver
20160413,3263,BIJOU CR. NR WIGGINS CO,0.0,2017-06-02 12:10 America/Denver
20160414,3263,BIJOU CR. NR WIGGINS CO,0.0,2017-06-02 12:10 America/Denver
20160415,3263,BIJOU CR. NR WIGGINS CO,0.0,2017-06-02 12:10 America/Denver
20160416,3263,BIJOU CR. NR WIGGINS CO,2170.0,2017-06-02 12:10 America/Denver
20160417,3263,BIJOU CR. NR WIGGINS CO,101439.0,2017-06-02 12:10 America/Denver
20160418,3263,BIJOU CR. NR WIGGINS CO,122056.0,2017-06-02 12:10 America/Denver
20160419,3263,BIJOU CR. NR WIGGINS CO,80519.0,2017-06-02 12:10 America/Denver
20160420,3263,BIJOU CR. NR WIGGINS CO,64995.0,2017-06-02 12:10 America/Denver
20160421,3263,BIJOU CR. NR WIGGINS CO,13433.0,2017-06-02 12:10 America/Denver
20160422,3263,BIJOU CR. NR WIGGINS CO,480.0,2017-06-02 12:10 America/Denver
20160423,3263,BIJOU CR. NR WIGGINS CO,0.0,2017-06-02 12:10 America/Denver
20160424,3263,BIJOU CR. NR WIGGINS CO,0.0,2017-06-02 12:10 America/Denver
20160425,3263,BIJOU CR. NR WIGGINS CO,0.0,2017-06-02 12:10 America/Denver
20160426,3263,BIJOU CR. NR WIGGINS CO,0.0,2017-06-02 12:10 America/Denver
20160427,3263,BIJOU CR. NR WIGGINS CO,0.0,2017-06-02 12:10 America/Denver
20160428,3263,BIJOU CR. NR WIGGINS CO,30.0,2017-06-02 12:10 America/Denver
20160429,3263,BIJOU CR. NR WIGGINS CO,6629.0,2017-06-02 12:10 America/Denver
20160430,3263,BIJOU CR. NR WIGGINS CO,105943.0,2017-06-02 12:10 America/Denver
20160501,3263,BIJOU CR. NR WIGGINS CO,129248.0,2017-06-02 12:10 America/Denver
20160502,3263,BIJOU CR. NR WIGGINS CO,128840.0,2017-06-02 12:10 America/Denver
20160503,3263,BIJOU CR. NR WIGGINS CO,90907.0,2017-06-02 12:10 America/Denver
20160504,3263,BIJOU CR. NR WIGGINS CO,463.0,2017-06-02 12:10 America/Denver
20160505,3263,BIJOU CR. NR WIGGINS CO,14.0,2017-06-02 12:10 America/Denver
20160506,3263,BIJOU CR. NR WIGGINS CO,0.0,2017-06-02 12:10 America/Denver
20160507,3263,BIJOU CR. NR WIGGINS CO,0.0,2017-06-02 12:10 America/Denver
20160508,3263,BIJOU CR. NR WIGGINS CO,0.0,2017-06-02 12:10 America/Denver
20160509,3263,BIJOU CR. NR WIGGINS CO,0.0,2017-06-02 12:10 America/Denver
20160510,3263,BIJOU CR. NR WIGGINS CO,0.0,2017-06-02 12:10 America/Denver
20160511,3263,BIJOU CR. NR WIGGINS CO,0.0,2017-06-02 12:10 America/Denver
20160512,3263,BIJOU CR. NR WIGGINS CO,0.0,2017-06-02 12:10 America/Denver
20160513,3263,BIJOU CR. NR WIGGINS CO,0.0,2017-06-02 12:10 America/Denver
20160514,3263,BIJOU CR. NR WIGGINS CO,0.0,2017-06-02 12:10 America/Denver
20160515,3263,BIJOU CR. NR WIGGINS CO,0.0,2017-06-02 12:10 America/Denver
20160516,3263,BIJOU CR. NR WIGGINS CO,0.0,2017-06-02 12:10 America/Denver
20160517,3263,BIJOU CR. NR WIGGINS CO,275.0,2017-06-02 12:10 America/Denver
20160518,3263,BIJOU CR. NR WIGGINS CO,197.0,2017-06-02 12:10 America/Denver
20160519,3263,BIJOU CR. NR WIGGINS CO,0.0,2017-06-02 12:10 America/Denver
20160520,3263,BIJOU CR. NR WIGGINS CO,0.0,2017-06-02 12:10 America/Denver
20160521,3263,BIJOU CR. NR WIGGINS CO,0.0,2017-06-02 12:10 America/Denver
20160522,3263,BIJOU CR. NR WIGGINS CO,0.0,2017-06-02 12:10 America/Denver
20160523,3263,BIJOU CR. NR WIGGINS CO,0.0,2017-06-02 12:10 America/Denver
20160524,3263,BIJOU CR. NR WIGGINS CO,0.0,2017-06-02 12:10 America/Denver
20160525,3263,BIJOU CR. NR WIGGINS CO,0.0,2017-06-02 12:10 America/Denver
20160526,3263,BIJOU CR. NR WIGGINS CO,0.0,2017-06-02 12:10 America/Denver
20160527,3263,BIJOU CR. NR WIGGINS CO,0.0,2017-06-02 12:10 America/Denver
20160528,3263,BIJOU CR. NR WIGGINS CO,0.0,2017-06-02 12:10 America/Denver
20160529,3263,BIJOU CR. NR WIGGINS CO,0.0,2017-06-02 12:10 America/Denver
20160530,3263,BIJOU CR. NR WIGGINS CO,0.0,2017-06-02 12:10 America/Denver
20160531,3263,BIJOU CR. NR WIGGINS CO,0.0,2017-06-02 12:10 America/Denver
20160601,3263,BIJOU CR. NR WIGGINS CO,0.0,2017-06-02 12:10 America/Denver
20160602,3263,BIJOU CR. NR WIGGINS CO,0.0,2017-06-02 12:10 America/Denver
20160603,3263,BIJOU CR. NR WIGGINS CO,0.0,2017-06-02 12:10 America/Denver
20160604,3263,BIJOU CR. NR WIGGINS CO,0.0,2017-06-02 12:10 America/Denver
20160605,3263,BIJOU CR. NR WIGGINS CO,0.0,2017-06-02 12:10 America/Denver
20160606,3263,BIJOU CR. NR WIGGINS CO,0.0,2017-06-02 12:10 America/Denver
20160607,3263,BIJOU CR. NR WIGGINS CO,0.0,2017-06-02 12:10 America/Denver
20160608,3263,BIJOU CR. NR WIGGINS CO,0.0,2017-06-02 12:10 America/Denver
20160609,3263,BIJOU CR. NR WIGGINS CO,0.0,2017-06-02 12:10 America/Denver
20160610,3263,BIJOU CR. NR WIGGINS CO,0.0,2017-06-02 12:10 America/Denver
20160611,3263,BIJOU CR. NR WIGGINS CO,0.0,2017-06-02 12:10 America/Denver
20160612,3263,BIJOU CR. NR WIGGINS CO,0.0,2017-06-02 12:10 America/Denver
20160613,3263,BIJOU CR. NR WIGGINS CO,0.0,2017-06-02 12:10 America/Denver
20160614,3263,BIJOU CR. NR WIGGINS CO,0.0,2017-06-02 12:10 America/Denver
20160615,3263,BIJOU CR. NR WIGGINS CO,0.0,2017-06-02 12:10 America/Denver
20160616,3263,BIJOU CR. NR WIGGINS CO,0.0,2017-06-02 12:10 America/Denver
20160617,3263,BIJOU CR. NR WIGGINS CO,0.0,2017-06-02 12:10 America/Denver
20160618,3263,BIJOU CR. NR WIGGINS CO,0.0,2017-06-02 12:10 America/Denver
20160619,3263,BIJOU CR. NR WIGGINS CO,0.0,2017-06-02 12:10 America/Denver
20160620,3263,BIJOU CR. NR WIGGINS CO,0.0,2017-06-02 12:10 America/Denver
20160621,3263,BIJOU CR. NR WIGGINS CO,0.0,2017-06-02 12:10 America/Denver
20160622,3263,BIJOU CR. NR WIGGINS CO,0.0,2017-06-02 12:10 America/Denver
20160623,3263,BIJOU CR. NR WIGGINS CO,0.0,2017-06-02 12:10 America/Denver
20160624,3263,BIJOU CR. NR WIGGINS CO,0.0,2017-06-02 12:10 America/Denver
20160625,3263,BIJOU CR. NR WIGGINS CO,0.0,2017-06-02 12:10 America/Denver
20160626,3263,BIJOU CR. NR WIGGINS CO,0.0,2017-06-02 12:10 America/Denver
20160627,3263,BIJOU CR. NR WIGGINS CO,0.0,2017-06-02 12:10 America/Denver
20160628,3263,BIJOU CR. NR WIGGINS CO,0.0,2017-06-02 12:10 America/Denver
20160629,3263,BIJOU CR. NR WIGGINS CO,0.0,2017-06-02 12:10 America/Denver
20160630,3263,BIJOU CR. NR WIGGINS CO,0.0,2017-06-02 12:10 America/Denver
20160701,3263,BIJOU CR. NR WIGGINS CO,0.0,2017-06-02 12:10 America/Denver
20160702,3263,BIJOU CR. NR WIGGINS CO,0.0,2017-06-02 12:10 America/Denver
20160703,3263,BIJOU CR. NR WIGGINS CO,0.0,2017-06-02 12:10 America/Denver
20160704,3263,BIJOU CR. NR WIGGINS CO,0.0,2017-06-02 12:10 America/Denver
20160705,3263,BIJOU CR. NR WIGGINS CO,0.0,2017-06-02 12:10 America/Denver
20160706,3263,BIJOU CR. NR WIGGINS CO,0.0,2017-06-02 12:10 America/Denver
20160707,3263,BIJOU CR. NR WIGGINS CO,0.0,2017-06-02 12:10 America/Denver
20160708,3263,BIJOU CR. NR WIGGINS CO,0.0,2017-06-02 12:10 America/Denver
20160709,3263,BIJOU CR. NR WIGGINS CO,0.0,2017-06-02 12:10 America/Denver
20160710,3263,BIJOU CR. NR WIGGINS CO,0.0,2017-06-02 12:10 America/Denver
20160711,3263,BIJOU CR. NR WIGGINS CO,0.0,2017-06-02 12:10 America/Denver
20160712,3263,BIJOU CR. NR WIGGINS CO,0.0,2017-06-02 12:10 America/Denver
20160713,3263,BIJOU CR. NR WIGGINS CO,0.0,2017-06-02 12:10 America/Denver
20160714,3263,BIJOU CR. NR WIGGINS CO,0.0,2017-06-02 12:10 America/Denver
20160715,3263,BIJOU CR. NR WIGGINS CO,0.0,2017-06-02 12:10 America/Denver
20160716,3263,BIJOU CR. NR WIGGINS CO,0.0,2017-06-02 12:10 America/Denver
20160717,3263,BIJOU CR. NR WIGGINS CO,0.0,2017-06-02 12:10 America/Denver
20160718,3263,BIJOU CR. NR WIGGINS CO,0.0,2017-06-02 12:10 America/Denver
20160719,3263,BIJOU CR. NR WIGGINS CO,0.0,2017-06-02 12:10 America/Denver
20160720,3263,BIJOU CR. NR WIGGINS CO,0.0,2017-06-02 12:10 America/Denver
20160721,3263,BIJOU CR. NR WIGGINS CO,0.0,2017-06-02 12:10 America/Denver
20160722,3263,BIJOU CR. NR WIGGINS CO,0.0,2017-06-02 12:10 America/Denver
20160723,3263,BIJOU CR. NR WIGGINS CO,0.0,2017-06-02 12:10 America/Denver
20160724,3263,BIJOU CR. NR WIGGINS CO,0.0,2017-06-02 12:10 America/Denver
20160725,3263,BIJOU CR. NR WIGGINS CO,0.0,2017-06-02 12:10 America/Denver
20160726,3263,BIJOU CR. NR WIGGINS CO,0.0,2017-06-02 12:10 America/Denver
20160727,3263,BIJOU CR. NR WIGGINS CO,0.0,2017-06-02 12:10 America/Denver
20160728,3263,BIJOU CR. NR WIGGINS CO,0.0,2017-06-02 12:10 America/Denver
20160729,3263,BIJOU CR. NR WIGGINS CO,0.0,2017-06-02 12:10 America/Denver
20160730,3263,BIJOU CR. NR WIGGINS CO,0.0,2017-06-02 12:10 America/Denver
20160731,3263,BIJOU CR. NR WIGGINS CO,0.0,2017-06-02 12:10 America/Denver
20160801,3263,BIJOU CR. NR WIGGINS CO,0.0,2017-06-02 12:10 America/Denver
20160802,3263,BIJOU CR. NR WIGGINS CO,0.0,2017-06-02 12:10 America/Denver
20160803,3263,BIJOU CR. NR WIGGINS CO,0.0,2017-06-02 12:10 America/Denver
20160804,3263,BIJOU CR. NR WIGGINS CO,0.0,2017-06-02 12:10 America/Denver
20160805,3263,BIJOU CR. NR WIGGINS CO,0.0,2017-06-02 12:10 America/Denver
20160806,3263,BIJOU CR. NR WIGGINS CO,0.0,2017-06-02 12:10 America/Denver
20160807,3263,BIJOU CR. NR WIGGINS CO,0.0,2017-06-02 12:10 America/Denver
20160808,3263,BIJOU CR. NR WIGGINS CO,0.0,2017-06-02 12:10 America/Denver
20160809,3263,BIJOU CR. NR WIGGINS CO,0.0,2017-06-02 12:10 America/Denver
20160810,3263,BIJOU CR. NR WIGGINS CO,0.0,2017-06-02 12:10 America/Denver
20160811,3263,BIJOU CR. NR WIGGINS CO,0.0,2017-06-02 12:10 America/Denver
20160812,3263,BIJOU CR. NR WIGGINS CO,0.0,2017-06-02 12:10 America/Denver
20160813,3263,BIJOU CR. NR WIGGINS CO,0.0,2017-06-02 12:10 America/Denver
20160814,3263,BIJOU CR. NR WIGGINS CO,0.0,2017-06-02 12:10 America/Denver
20160815,3263,BIJOU CR. NR WIGGINS CO,0.0,2017-06-02 12:10 America/Denver
20160816,3263,BIJOU CR. NR WIGGINS CO,0.0,2017-06-02 12:10 America/Denver
20160817,3263,BIJOU CR. NR WIGGINS CO,0.0,2017-06-02 12:10 America/Denver
20160818,3263,BIJOU CR. NR WIGGINS CO,0.0,2017-06-02 12:10 America/Denver
20160819,3263,BIJOU CR. NR WIGGINS CO,0.0,2017-06-02 12:10 America/Denver
20160820,3263,BIJOU CR. NR WIGGINS CO,0.0,2017-06-02 12:10 America/Denver
20160821,3263,BIJOU CR. NR WIGGINS CO,0.0,2017-06-02 12:10 America/Denver
20160822,3263,BIJOU CR. NR WIGGINS CO,0.0,2017-06-02 12:10 America/Denver
20160823,3263,BIJOU CR. NR WIGGINS CO,0.0,2017-06-02 12:10 America/Denver
20160824,3263,BIJOU CR. NR WIGGINS CO,0.0,2017-06-02 12:10 America/Denver
20160825,3263,BIJOU CR. NR WIGGINS CO,0.0,2017-06-02 12:10 America/Denver
20160826,3263,BIJOU CR. NR WIGGINS CO,0.0,2017-06-02 12:10 America/Denver
20160827,3263,BIJOU CR. NR WIGGINS CO,0.0,2017-06-02 12:10 America/Denver
20160828,3263,BIJOU CR. NR WIGGINS CO,0.0,2017-06-02 12:10 America/Denver
20160829,3263,BIJOU CR. NR WIGGINS CO,0.0,2017-06-02 12:10 America/Denver
20160830,3263,BIJOU CR. NR WIGGINS CO,0.0,2017-06-02 12:10 America/Denver
20160831,3263,BIJOU CR. NR WIGGINS CO,0.0,2017-06-02 12:10 America/Denver
20160901,3263,BIJOU CR. NR WIGGINS CO,0.0,2017-06-02 12:10 America/Denver
20160902,3263,BIJOU CR. NR WIGGINS CO,0.0,2017-06-02 12:10 America/Denver
20160903,3263,BIJOU CR. NR WIGGINS CO,0.0,2017-06-02 12:10 America/Denver
20160904,3263,BIJOU CR. NR WIGGINS CO,0.0,2017-06-02 12:10 America/Denver
20160905,3263,BIJOU CR. NR WIGGINS CO,0.0,2017-06-02 12:10 America/Denver
20160906,3263,BIJOU CR. NR WIGGINS CO,0.0,2017-06-02 12:10 America/Denver
20160907,3263,BIJOU CR. NR WIGGINS CO,0.0,2017-06-02 12:10 America/Denver
20160908,3263,BIJOU CR. NR WIGGINS CO,0.0,2017-06-02 12:10 America/Denver
20160909,3263,BIJOU CR. NR WIGGINS CO,0.0,2017-06-02 12:10 America/Denver
20160910,3263,BIJOU CR. NR WIGGINS CO,0.0,2017-06-02 12:10 America/Denver
20160911,3263,BIJOU CR. NR WIGGINS CO,0.0,2017-06-02 12:10 America/Denver
20160912,3263,BIJOU CR. NR WIGGINS CO,0.0,2017-06-02 12:10 America/Denver
20160913,3263,BIJOU CR. NR WIGGINS CO,0.0,2017-06-02 12:10 America/Denver
20160914,3263,BIJOU CR. NR WIGGINS CO,0.0,2017-06-02 12:10 America/Denver
20160915,3263,BIJOU CR. NR WIGGINS CO,0.0,2017-06-02 12:10 America/Denver
20160916,3263,BIJOU CR. NR WIGGINS CO,0.0,2017-06-02 12:10 America/Denver
20160917,3263,BIJOU CR. NR WIGGINS CO,0.0,2017-06-02 12:10 America/Denver
20160918,3263,BIJOU CR. NR WIGGINS CO,0.0,2017-06-02 12:10 America/Denver
20160919,3263,BIJOU CR. NR WIGGINS CO,0.0,2017-06-02 12:10 America/Denver
20160920,3263,BIJOU CR. NR WIGGINS CO,0.0,2017-06-02 12:10 America/Denver
20160921,3263,BIJOU CR. NR WIGGINS CO,0.0,2017-06-02 12:10 America/Denver
20160922,3263,BIJOU CR. NR WIGGINS CO,0.0,2017-06-02 12:10 America/Denver
20160923,3263,BIJOU CR. NR WIGGINS CO,0.0,2017-06-02 12:10 America/Denver
20160924,3263,BIJOU CR. NR WIGGINS CO,0.0,2017-06-02 12:10 America/Denver
20160925,3263,BIJOU CR. NR WIGGINS CO,0.0,2017-06-02 12:10 America/Denver
20160926,3263,BIJOU CR. NR WIGGINS CO,0.0,2017-06-02 12:10 America/Denver
20160927,3263,BIJOU CR. NR WIGGINS CO,0.0,2017-06-02 12:10 America/Denver
20160928,3263,BIJOU CR. NR WIGGINS CO,0.0,2017-06-02 12:10 America/Denver
20160929,3263,BIJOU CR. NR WIGGINS CO,0.0,2017-06-02 12:10 America/Denver
20160930,3263,BIJOU CR. NR WIGGINS CO,0.0,2017-06-02 12:10 America/Denver
20161001,3263,BIJOU CR. NR WIGGINS CO,0.0,2017-06-02 12:10 America/Denver
20161002,3263,BIJOU CR. NR WIGGINS CO,0.0,2017-06-02 12:10 America/Denver
20161003,3263,BIJOU CR. NR WIGGINS CO,0.0,2017-06-02 12:10 America/Denver
20161004,3263,BIJOU CR. NR WIGGINS CO,0.0,2017-06-02 12:10 America/Denver
20161005,3263,BIJOU CR. NR WIGGINS CO,0.0,2017-06-02 12:10 America/Denver
20161006,3263,BIJOU CR. NR WIGGINS CO,0.0,2017-06-02 12:10 America/Denver
20161007,3263,BIJOU CR. NR WIGGINS CO,0.0,2017-06-02 12:10 America/Denver
20161008,3263,BIJOU CR. NR WIGGINS CO,0.0,2017-06-02 12:10 America/Denver
20161009,3263,BIJOU CR. NR WIGGINS CO,0.0,2017-06-02 12:10 America/Denver
20161010,3263,BIJOU CR. NR WIGGINS CO,0.0,2017-06-02 12:10 America/Denver
20161011,3263,BIJOU CR. NR WIGGINS CO,0.0,2017-06-02 12:10 America/Denver
20161012,3263,BIJOU CR. NR WIGGINS CO,0.0,2017-06-02 12:10 America/Denver
20161013,3263,BIJOU CR. NR WIGGINS CO,0.0,2017-06-02 12:10 America/Denver
20161014,3263,BIJOU CR. NR WIGGINS CO,0.0,2017-06-02 12:10 America/Denver
20161015,3263,BIJOU CR. NR WIGGINS CO,0.0,2017-06-02 12:10 America/Denver
20161016,3263,BIJOU CR. NR WIGGINS CO,0.0,2017-06-02 12:10 America/Denver
20161017,3263,BIJOU CR. NR WIGGINS CO,0.0,2017-06-02 12:10 America/Denver
20161018,3263,BIJOU CR. NR WIGGINS CO,0.0,2017-06-02 12:10 America/Denver
20161019,3263,BIJOU CR. NR WIGGINS CO,0.0,2017-06-02 12:10 America/Denver
20161020,3263,BIJOU CR. NR WIGGINS CO,0.0,2017-06-02 12:10 America/Denver
20161021,3263,BIJOU CR. NR WIGGINS CO,0.0,2017-06-02 12:10 America/Denver
20161022,3263,BIJOU CR. NR WIGGINS CO,0.0,2017-06-02 12:10 America/Denver
20161023,3263,BIJOU CR. NR WIGGINS CO,0.0,2017-06-02 12:10 America/Denver
20161024,3263,BIJOU CR. NR WIGGINS CO,0.0,2017-06-02 12:10 America/Denver
20161025,3263,BIJOU CR. NR WIGGINS CO,0.0,2017-06-02 12:10 America/Denver
20161026,3263,BIJOU CR. NR WIGGINS CO,0.0,2017-06-02 12:10 America/Denver
20161027,3263,BIJOU CR. NR WIGGINS CO,0.0,2017-06-02 12:10 America/Denver
20161028,3263,BIJOU CR. NR WIGGINS CO,0.0,2017-06-02 12:10 America/Denver
20161029,3263,BIJOU CR. NR WIGGINS CO,0.0,2017-06-02 12:10 America/Denver
20161030,3263,BIJOU CR. NR WIGGINS CO,0.0,2017-06-02 12:10 America/Denver
20161031,3263,BIJOU CR. NR WIGGINS CO,0.0,2017-06-02 12:10 America/Denver
20161101,3263,BIJOU CR. NR WIGGINS CO,0.0,2017-06-02 12:10 America/Denver
20161102,3263,BIJOU CR. NR WIGGINS CO,0.0,2017-06-02 12:10 America/Denver
20161103,3263,BIJOU CR. NR WIGGINS CO,0.0,2017-06-02 12:10 America/Denver
20161104,3263,BIJOU CR. NR WIGGINS CO,0.0,2017-06-02 12:10 America/Denver
20161105,3263,BIJOU CR. NR WIGGINS CO,0.0,2017-06-02 12:10 America/Denver
20161106,3263,BIJOU CR. NR WIGGINS CO,0.0,2017-06-02 12:10 America/Denver
20161107,3263,BIJOU CR. NR WIGGINS CO,0.0,2017-06-02 12:10 America/Denver
20161108,3263,BIJOU CR. NR WIGGINS CO,0.0,2017-06-02 12:10 America/Denver
20161109,3263,BIJOU CR. NR WIGGINS CO,0.0,2017-06-02 12:10 America/Denver
20161110,3263,BIJOU CR. NR WIGGINS CO,0.0,2017-06-02 12:10 America/Denver
20161111,3263,BIJOU CR. NR WIGGINS CO,0.0,2017-06-02 12:10 America/Denver
20161112,3263,BIJOU CR. NR WIGGINS CO,0.0,2017-06-02 12:10 America/Denver
20161113,3263,BIJOU CR. NR WIGGINS CO,0.0,2017-06-02 12:10 America/Denver
20161114,3263,BIJOU CR. NR WIGGINS CO,0.0,2017-06-02 12:10 America/Denver
20161115,3263,BIJOU CR. NR WIGGINS CO,0.0,2017-06-02 12:10 America/Denver
20161116,3263,BIJOU CR. NR WIGGINS CO,0.0,2017-06-02 12:10 America/Denver
20161117,3263,BIJOU CR. NR WIGGINS CO,0.0,2017-06-02 12:10 America/Denver
20161118,3263,BIJOU CR. NR WIGGINS CO,20567.0,2017-06-02 12:10 America/Denver
20161119,3263,BIJOU CR. NR WIGGINS CO,13578.0,2017-06-02 12:10 America/Denver
20161120,3263,BIJOU CR. NR WIGGINS CO,6719.0,2017-06-02 12:10 America/Denver
20161121,3263,BIJOU CR. NR WIGGINS CO,0.0,2017-06-02 12:10 America/Denver
20161122,3263,BIJOU CR. NR WIGGINS CO,0.0,2017-06-02 12:10 America/Denver
20161123,3263,BIJOU CR. NR WIGGINS CO,18063.0,2017-06-02 12:10 America/Denver
20161124,3263,BIJOU CR. NR WIGGINS CO,2904.0,2017-06-02 12:10 America/Denver
20161125,3263,BIJOU CR. NR WIGGINS CO,375.0,2017-06-02 12:10 America/Denver
20161126,3263,BIJOU CR. NR WIGGINS CO,0.0,2017-06-02 12:10 America/Denver
20161127,3263,BIJOU CR. NR WIGGINS CO,0.0,2017-06-02 12:10 America/Denver
20161128,3263,BIJOU CR. NR WIGGINS CO,0.0,2017-06-02 12:10 America/Denver
20161129,3263,BIJOU CR. NR WIGGINS CO,0.0,2017-06-02 12:10 America/Denver
20161130,3263,BIJOU CR. NR WIGGINS CO,0.0,2017-06-02 12:10 America/Denver
20161201,3263,BIJOU CR. NR WIGGINS CO,0.0,2017-06-02 12:10 America/Denver
20161202,3263,BIJOU CR. NR WIGGINS CO,0.0,2017-06-02 12:10 America/Denver
20161203,3263,BIJOU CR. NR WIGGINS CO,106.0,2017-06-02 12:10 America/Denver
20161204,3263,BIJOU CR. NR WIGGINS CO,0.0,2017-06-02 12:10 America/Denver
20161205,3263,BIJOU CR. NR WIGGINS CO,0.0,2017-06-02 12:10 America/Denver
20161206,3263,BIJOU CR. NR WIGGINS CO,0.0,2017-06-02 12:10 America/Denver
20161207,3263,BIJOU CR. NR WIGGINS CO,2433.0,2017-06-02 12:10 America/Denver
20161208,3263,BIJOU CR. NR WIGGINS CO,14461.0,2017-06-02 12:10 America/Denver
20161209,3263,BIJOU CR. NR WIGGINS CO,14396.0,2017-06-02 12:10 America/Denver
20161210,3263,BIJOU CR. NR WIGGINS CO,1284.0,2017-06-02 12:10 America/Denver
20161211,3263,BIJOU CR. NR WIGGINS CO,1033.0,2017-06-02 12:10 America/Denver
20161212,3263,BIJOU CR. NR WIGGINS CO,3260.0,2017-06-02 12:10 America/Denver
20161213,3263,BIJOU CR. NR WIGGINS CO,2841.0,2017-06-02 12:10 America/Denver
20161214,3263,BIJOU CR. NR WIGGINS CO,2250.0,2017-06-02 12:10 America/Denver
20161215,3263,BIJOU CR. NR WIGGINS CO,2185.0,2017-06-02 12:10 America/Denver
20161216,3263,BIJOU CR. NR WIGGINS CO,1764.0,2017-06-02 12:10 America/Denver
20161217,3263,BIJOU CR. NR WIGGINS CO,1898.0,2017-06-02 12:10 America/Denver
20161218,3263,BIJOU CR. NR WIGGINS CO,16844.0,2017-06-02 12:10 America/Denver
20161219,3263,BIJOU CR. NR WIGGINS CO,16219.0,2017-06-02 12:10 America/Denver
20161220,3263,BIJOU CR. NR WIGGINS CO,32196.0,2017-06-02 12:10 America/Denver
20161221,3263,BIJOU CR. NR WIGGINS CO,4629.0,2017-06-02 12:10 America/Denver
20161222,3263,BIJOU CR. NR WIGGINS CO,1970.0,2017-06-02 12:10 America/Denver
20161223,3263,BIJOU CR. NR WIGGINS CO,5928.0,2017-06-02 12:10 America/Denver
20161224,3263,BIJOU CR. NR WIGGINS CO,2106.0,2017-06-02 12:10 America/Denver
20161225,3263,BIJOU CR. NR WIGGINS CO,0.0,2017-06-02 12:10 America/Denver
20161226,3263,BIJOU CR. NR WIGGINS CO,2513.0,2017-06-02 12:10 America/Denver
20161227,3263,BIJOU CR. NR WIGGINS CO,2295.0,2017-06-02 12:10 America/Denver
20161228,3263,BIJOU CR. NR WIGGINS CO,293.0,2017-06-02 12:10 America/Denver
20161229,3263,BIJOU CR. NR WIGGINS CO,0.0,2017-06-02 12:10 America/Denver
20161230,3263,BIJOU CR. NR WIGGINS CO,0.0,2017-06-02 12:10 America/Denver
20161231,3263,BIJOU CR. NR WIGGINS CO,0.0,2017-06-02 12:10 America/Denver
20170101,3263,BIJOU CR. NR WIGGINS CO,0.0,2017-06-02 12:10 America/Denver
20170102,3263,BIJOU CR. NR WIGGINS CO,0.0,2017-06-02 12:10 America/Denver
20170103,3263,BIJOU CR. NR WIGGINS CO,0.0,2017-06-02 12:10 America/Denver
20170104,3263,BIJOU CR. NR WIGGINS CO,210.0,2017-06-02 12:10 America/Denver
20170105,3263,BIJOU CR. NR WIGGINS CO,1301.0,2017-06-02 12:10 America/Denver
20170106,3263,BIJOU CR. NR WIGGINS CO,19227.0,2017-06-02 12:10 America/Denver
20170107,3263,BIJOU CR. NR WIGGINS CO,18929.0,2017-06-02 12:10 America/Denver
20170108,3263,BIJOU CR. NR WIGGINS CO,18352.0,2017-06-02 12:10 America/Denver
20170109,3263,BIJOU CR. NR WIGGINS CO,3943.0,2017-06-02 12:10 America/Denver
20170110,3263,BIJOU CR. NR WIGGINS CO,0.0,2017-06-02 12:10 America/Denver
20170111,3263,BIJOU CR. NR WIGGINS CO,0.0,2017-06-02 12:10 America/Denver
20170112,3263,BIJOU CR. NR WIGGINS CO,0.0,2017-06-02 12:10 America/Denver
20170113,3263,BIJOU CR. NR WIGGINS CO,80.0,2017-06-02 12:10 America/Denver
20170114,3263,BIJOU CR. NR WIGGINS CO,744.0,2017-06-02 12:10 America/Denver
20170115,3263,BIJOU CR. NR WIGGINS CO,2236.0,2017-06-02 12:10 America/Denver
20170116,3263,BIJOU CR. NR WIGGINS CO,11328.0,2017-06-02 12:10 America/Denver
20170117,3263,BIJOU CR. NR WIGGINS CO,51494.0,2017-06-02 12:10 America/Denver
20170118,3263,BIJOU CR. NR WIGGINS CO,16393.0,2017-06-02 12:10 America/Denver
20170119,3263,BIJOU CR. NR WIGGINS CO,11349.0,2017-06-02 12:10 America/Denver
20170120,3263,BIJOU CR. NR WIGGINS CO,1267.0,2017-06-02 12:10 America/Denver
20170121,3263,BIJOU CR. NR WIGGINS CO,1846.0,2017-06-02 12:10 America/Denver
20170122,3263,BIJOU CR. NR WIGGINS CO,1872.0,2017-06-02 12:10 America/Denver
20170123,3263,BIJOU CR. NR WIGGINS CO,1171.0,2017-06-02 12:10 America/Denver
20170124,3263,BIJOU CR. NR WIGGINS CO,28.0,2017-06-02 12:10 America/Denver
20170125,3263,BIJOU CR. NR WIGGINS CO,618.0,2017-06-02 12:10 America/Denver
20170126,3263,BIJOU CR. NR WIGGINS CO,228.0,2017-06-02 12:10 America/Denver
20170127,3263,BIJOU CR. NR WIGGINS CO,41.0,2017-06-02 12:10 America/Denver
20170128,3263,BIJOU CR. NR WIGGINS CO,23.0,2017-06-02 12:10 America/Denver
20170129,3263,BIJOU CR. NR WIGGINS CO,10.0,2017-06-02 12:10 America/Denver
20170130,3263,BIJOU CR. NR WIGGINS CO,0.0,2017-06-02 12:10 America/Denver
20170131,3263,BIJOU CR. NR WIGGINS CO,0.0,2017-06-02 12:10 America/Denver
20170201,3263,BIJOU CR. NR WIGGINS CO,0.0,2017-06-02 12:10 America/Denver
20170202,3263,BIJOU CR. NR WIGGINS CO,785.0,2017-06-02 12:10 America/Denver
20170203,3263,BIJOU CR. NR WIGGINS CO,3161.0,2017-06-02 12:10 America/Denver
20170204,3263,BIJOU CR. NR WIGGINS CO,3251.0,2017-06-02 12:10 America/Denver
20170205,3263,BIJOU CR. NR WIGGINS CO,0.0,2017-06-02 12:10 America/Denver
20170206,3263,BIJOU CR. NR WIGGINS CO,0.0,2017-06-02 12:10 America/Denver
20170207,3263,BIJOU CR. NR WIGGINS CO,0.0,2017-06-02 12:10 America/Denver
20170208,3263,BIJOU CR. NR WIGGINS CO,0.0,2017-06-02 12:10 America/Denver
20170209,3263,BIJOU CR. NR WIGGINS CO,0.0,2017-06-02 12:10 America/Denver
20170210,3263,BIJOU CR. NR WIGGINS CO,0.0,2017-06-02 12:10 America/Denver
20170211,3263,BIJOU CR. NR WIGGINS CO,0.0,2017-06-02 12:10 America/Denver
20170212,3263,BIJOU CR. NR WIGGINS CO,8.0,2017-06-02 12:10 America/Denver
20170213,3263,BIJOU CR. NR WIGGINS CO,800.0,2017-06-02 12:10 America/Denver
20170214,3263,BIJOU CR. NR WIGGINS CO,13.0,2017-06-02 12:10 America/Denver
20170215,3263,BIJOU CR. NR WIGGINS CO,0.0,2017-06-02 12:10 America/Denver
20170216,3263,BIJOU CR. NR WIGGINS CO,0.0,2017-06-02 12:10 America/Denver
20170217,3263,BIJOU CR. NR WIGGINS CO,0.0,2017-06-02 12:10 America/Denver
20170218,3263,BIJOU CR. NR WIGGINS CO,0.0,2017-06-02 12:10 America/Denver
20170219,3263,BIJOU CR. NR WIGGINS CO,0.0,2017-06-02 12:10 America/Denver
20170220,3263,BIJOU CR. NR WIGGINS CO,0.0,2017-06-02 12:10 America/Denver
20170221,3263,BIJOU CR. NR WIGGINS CO,0.0,2017-06-02 12:10 America/Denver
20170222,3263,BIJOU CR. NR WIGGINS CO,0.0,2017-06-02 12:10 America/Denver
20170223,3263,BIJOU CR. NR WIGGINS CO,0.0,2017-06-02 12:10 America/Denver
20170224,3263,BIJOU CR. NR WIGGINS CO,13235.0,2017-06-02 12:10 America/Denver
20170225,3263,BIJOU CR. NR WIGGINS CO,13538.0,2017-06-02 12:10 America/Denver
20170226,3263,BIJOU CR. NR WIGGINS CO,13428.0,2017-06-02 12:10 America/Denver
20170227,3263,BIJOU CR. NR WIGGINS CO,11953.0,2017-06-02 12:10 America/Denver
20170228,3263,BIJOU CR. NR WIGGINS CO,0.0,2017-06-02 12:10 America/Denver
20170301,3263,BIJOU CR. NR WIGGINS CO,27808.0,2017-06-02 12:10 America/Denver
20170302,3263,BIJOU CR. NR WIGGINS CO,24627.0,2017-06-02 12:10 America/Denver
20170303,3263,BIJOU CR. NR WIGGINS CO,2964.0,2017-06-02 12:10 America/Denver
20170304,3263,BIJOU CR. NR WIGGINS CO,0.0,2017-06-02 12:10 America/Denver
20170305,3263,BIJOU CR. NR WIGGINS CO,0.0,2017-06-02 12:10 America/Denver
20170306,3263,BIJOU CR. NR WIGGINS CO,0.0,2017-06-02 12:10 America/Denver
20170307,3263,BIJOU CR. NR WIGGINS CO,0.0,2017-06-02 12:10 America/Denver
20170308,3263,BIJOU CR. NR WIGGINS CO,0.0,2017-06-02 12:10 America/Denver
20170309,3263,BIJOU CR. NR WIGGINS CO,0.0,2017-06-02 12:10 America/Denver
20170310,3263,BIJOU CR. NR WIGGINS CO,0.0,2017-06-02 12:10 America/Denver
20170311,3263,BIJOU CR. NR WIGGINS CO,0.0,2017-06-02 12:10 America/Denver
20170312,3263,BIJOU CR. NR WIGGINS CO,0.0,2017-06-02 12:10 America/Denver
20170313,3263,BIJOU CR. NR WIGGINS CO,0.0,2017-06-02 12:10 America/Denver
20170314,3263,BIJOU CR. NR WIGGINS CO,0.0,2017-06-02 12:10 America/Denver
20170315,3263,BIJOU CR. NR WIGGINS CO,0.0,2017-06-02 12:10 America/Denver
20170316,3263,BIJOU CR. NR WIGGINS CO,0.0,2017-06-02 12:10 America/Denver
20170317,3263,BIJOU CR. NR WIGGINS CO,0.0,2017-06-02 12:10 America/Denver
20170318,3263,BIJOU CR. NR WIGGINS CO,0.0,2017-06-02 12:10 America/Denver
20170319,3263,BIJOU CR. NR WIGGINS CO,0.0,2017-06-02 12:10 America/Denver
20170320,3263,BIJOU CR. NR WIGGINS CO,0.0,2017-06-02 12:10 America/Denver
20170321,3263,BIJOU CR. NR WIGGINS CO,0.0,2017-06-02 12:10 America/Denver
20170322,3263,BIJOU CR. NR WIGGINS CO,0.0,2017-06-02 12:10 America/Denver
20170323,3263,BIJOU CR. NR WIGGINS CO,0.0,2017-06-02 12:10 America/Denver
20170324,3263,BIJOU CR. NR WIGGINS CO,0.0,2017-06-02 12:10 America/Denver
20170325,3263,BIJOU CR. NR WIGGINS CO,58444.0,2017-06-02 12:10 America/Denver
20170326,3263,BIJOU CR. NR WIGGINS CO,3715.0,2017-06-02 12:10 America/Denver
20170327,3263,BIJOU CR. NR WIGGINS CO,183.0,2017-06-02 12:10 America/Denver
20170328,3263,BIJOU CR. NR WIGGINS CO,10.0,2017-06-02 12:10 America/Denver
20170329,3263,BIJOU CR. NR WIGGINS CO,118.0,2017-06-02 12:10 America/Denver
20170330,3263,BIJOU CR. NR WIGGINS CO,5.0,2017-06-02 12:10 America/Denver
20170331,3263,BIJOU CR. NR WIGGINS CO,0.0,2017-06-02 12:10 America/Denver
20170401,3263,BIJOU CR. NR WIGGINS CO,4639.0,2017-06-02 12:10 America/Denver
20170402,3263,BIJOU CR. NR WIGGINS CO,20666.0,2017-06-02 12:10 America/Denver
20170403,3263,BIJOU CR. NR WIGGINS CO,405.0,2017-06-02 12:10 America/Denver
20170404,3263,BIJOU CR. NR WIGGINS CO,560.0,2017-06-02 12:10 America/Denver
20170405,3263,BIJOU CR. NR WIGGINS CO,19505.0,2017-06-02 12:10 America/Denver
20170406,3263,BIJOU CR. NR WIGGINS CO,4649.0,2017-06-02 12:10 America/Denver
20170407,3263,BIJOU CR. NR WIGGINS CO,0.0,2017-06-02 12:10 America/Denver
20170408,3263,BIJOU CR. NR WIGGINS CO,0.0,2017-06-02 12:10 America/Denver
20170409,3263,BIJOU CR. NR WIGGINS CO,0.0,2017-06-02 12:10 America/Denver
20170410,3263,BIJOU CR. NR WIGGINS CO,0.0,2017-06-02 12:10 America/Denver
20170411,3263,BIJOU CR. NR WIGGINS CO,0.0,2017-06-02 12:10 America/Denver
20170412,3263,BIJOU CR. NR WIGGINS CO,0.0,2017-06-02 12:10 America/Denver
20170413,3263,BIJOU CR. NR WIGGINS CO,0.0,2017-06-02 12:10 America/Denver
20170414,3263,BIJOU CR. NR WIGGINS CO,0.0,2017-06-02 12:10 America/Denver
20170415,3263,BIJOU CR. NR WIGGINS CO,0.0,2017-06-02 12:10 America/Denver
20170416,3263,BIJOU CR. NR WIGGINS CO,0.0,2017-06-02 12:10 America/Denver
20170417,3263,BIJOU CR. NR WIGGINS CO,0.0,2017-06-02 12:10 America/Denver
20170418,3263,BIJOU CR. NR WIGGINS CO,0.0,2017-06-02 12:10 America/Denver
20170419,3263,BIJOU CR. NR WIGGINS CO,0.0,2017-06-02 12:10 America/Denver
20170420,3263,BIJOU CR. NR WIGGINS CO,0.0,2017-06-02 12:10 America/Denver
20170421,3263,BIJOU CR. NR WIGGINS CO,0.0,2017-06-02 12:10 America/Denver
20170422,3263,BIJOU CR. NR WIGGINS CO,45.0,2017-06-02 12:10 America/Denver
20170423,3263,BIJOU CR. NR WIGGINS CO,0.0,2017-06-02 12:10 America/Denver
20170424,3263,BIJOU CR. NR WIGGINS CO,0.0,2017-06-02 12:10 America/Denver
20170425,3263,BIJOU CR. NR WIGGINS CO,0.0,2017-06-02 12:10 America/Denver
20170426,3263,BIJOU CR. NR WIGGINS CO,434.0,2017-06-02 12:10 America/Denver
20170427,3263,BIJOU CR. NR WIGGINS CO,29.0,2017-06-02 12:10 America/Denver
20170428,3263,BIJOU CR. NR WIGGINS CO,0.0,2017-06-02 12:10 America/Denver
20170429,3263,BIJOU CR. NR WIGGINS CO,6601.0,2017-06-02 12:10 America/Denver
20170430,3263,BIJOU CR. NR WIGGINS CO,28858.0,2017-06-02 12:10 America/Denver
20170501,3263,BIJOU CR. NR WIGGINS CO,177.0,2017-06-02 12:10 America/Denver
20170502,3263,BIJOU CR. NR WIGGINS CO,0.0,2017-06-02 12:10 America/Denver
20170503,3263,BIJOU CR. NR WIGGINS CO,0.0,2017-06-02 12:10 America/Denver
20170504,3263,BIJOU CR. NR WIGGINS CO,0.0,2017-06-02 12:10 America/Denver
20170505,3263,BIJOU CR. NR WIGGINS CO,0.0,2017-06-02 12:10 America/Denver
20170506,3263,BIJOU CR. NR WIGGINS CO,0.0,2017-06-02 12:10 America/Denver
20170507,3263,BIJOU CR. NR WIGGINS CO,0.0,2017-06-02 12:10 America/Denver
20170508,3263,BIJOU CR. NR WIGGINS CO,0.0,2017-06-02 12:10 America/Denver
20170509,3263,BIJOU CR. NR WIGGINS CO,0.0,2017-06-02 12:10 America/Denver
20170510,3263,BIJOU CR. NR WIGGINS CO,0.0,2017-06-02 12:10 America/Denver
20170511,3263,BIJOU CR. NR WIGGINS CO,0.0,2017-06-02 12:10 America/Denver
20170512,3263,BIJOU CR. NR WIGGINS CO,0.0,2017-06-02 12:10 America/Denver
20170513,3263,BIJOU CR. NR WIGGINS CO,0.0,2017-06-02 12:10 America/Denver
20170514,3263,BIJOU CR. NR WIGGINS CO,0.0,2017-06-02 12:10 America/Denver
20170515,3263,BIJOU CR. NR WIGGINS CO,0.0,2017-06-02 12:10 America/Denver
20170516,3263,BIJOU CR. NR WIGGINS CO,0.0,2017-06-02 12:10 America/Denver
20170517,3263,BIJOU CR. NR WIGGINS CO,0.0,2017-06-02 12:10 America/Denver
20170518,3263,BIJOU CR. NR WIGGINS CO,0.0,2017-06-02 12:10 America/Denver
20170519,3263,BIJOU CR. NR WIGGINS CO,3813.0,2017-06-02 12:10 America/Denver
20170520,3263,BIJOU CR. NR WIGGINS CO,5123.0,2017-06-02 12:10 America/Denver
20170521,3263,BIJOU CR. NR WIGGINS CO,329.0,2017-06-02 12:10 America/Denver
20170522,3263,BIJOU CR. NR WIGGINS CO,0.0,2017-06-02 12:10 America/Denver
20170523,3263,BIJOU CR. NR WIGGINS CO,0.0,2017-06-02 12:10 America/Denver
20170524,3263,BIJOU CR. NR WIGGINS CO,0.0,2017-06-02 12:10 America/Denver
20170525,3263,BIJOU CR. NR WIGGINS CO,0.0,2017-06-02 12:10 America/Denver
20170526,3263,BIJOU CR. NR WIGGINS CO,0.0,2017-06-02 12:10 America/Denver
20170527,3263,BIJOU CR. NR WIGGINS CO,0.0,2017-06-02 12:10 America/Denver
20170528,3263,BIJOU CR. NR WIGGINS CO,0.0,2017-06-02 12:10 America/Denver
20170529,3263,BIJOU CR. NR WIGGINS CO,0.0,2017-06-02 12:10 America/Denver
20170530,3263,BIJOU CR. NR WIGGINS CO,0.0,2017-06-02 12:10 America/Denver
20170531,3263,BIJOU CR. NR WIGGINS CO,0.0,2017-06-02 12:10 America/Denver
20170601,3263,BIJOU CR. NR WIGGINS CO,0.0,2017-06-02 12:10 America/Denver
20170602,3263,BIJOU CR. NR WIGGINS CO,0.0,2017-06-02 12:10 America/Denver
